double /scratch8/ge37liw/workingspace/exp_s455/my_macros/twim_calibration_docu/parameters/spline_sec_0_anode_0(double x) {
   const int fNp = 1100, fKstep = 0;
   const double fDelta = -1, fXmin = 0.05, fXmax = 109.95;
   const double fX[1100] = { 0.05, 0.15, 0.25, 0.35, 0.45,
                        0.55, 0.65, 0.75, 0.85, 0.95,
                        1.05, 1.15, 1.25, 1.35, 1.45,
                        1.55, 1.65, 1.75, 1.85, 1.95,
                        2.05, 2.15, 2.25, 2.35, 2.45,
                        2.55, 2.65, 2.75, 2.85, 2.95,
                        3.05, 3.15, 3.25, 3.35, 3.45,
                        3.55, 3.65, 3.75, 3.85, 3.95,
                        4.05, 4.15, 4.25, 4.35, 4.45,
                        4.55, 4.65, 4.75, 4.85, 4.95,
                        5.05, 5.15, 5.25, 5.35, 5.45,
                        5.55, 5.65, 5.75, 5.85, 5.95,
                        6.05, 6.15, 6.25, 6.35, 6.45,
                        6.55, 6.65, 6.75, 6.85, 6.95,
                        7.05, 7.15, 7.25, 7.35, 7.45,
                        7.55, 7.65, 7.75, 7.85, 7.95,
                        8.05, 8.15, 8.25, 8.35, 8.45,
                        8.55, 8.65, 8.75, 8.85, 8.95,
                        9.05, 9.15, 9.25, 9.35, 9.45,
                        9.55, 9.65, 9.75, 9.85, 9.95,
                        10.05, 10.15, 10.25, 10.35, 10.45,
                        10.55, 10.65, 10.75, 10.85, 10.95,
                        11.05, 11.15, 11.25, 11.35, 11.45,
                        11.55, 11.65, 11.75, 11.85, 11.95,
                        12.05, 12.15, 12.25, 12.35, 12.45,
                        12.55, 12.65, 12.75, 12.85, 12.95,
                        13.05, 13.15, 13.25, 13.35, 13.45,
                        13.55, 13.65, 13.75, 13.85, 13.95,
                        14.05, 14.15, 14.25, 14.35, 14.45,
                        14.55, 14.65, 14.75, 14.85, 14.95,
                        15.05, 15.15, 15.25, 15.35, 15.45,
                        15.55, 15.65, 15.75, 15.85, 15.95,
                        16.05, 16.15, 16.25, 16.35, 16.45,
                        16.55, 16.65, 16.75, 16.85, 16.95,
                        17.05, 17.15, 17.25, 17.35, 17.45,
                        17.55, 17.65, 17.75, 17.85, 17.95,
                        18.05, 18.15, 18.25, 18.35, 18.45,
                        18.55, 18.65, 18.75, 18.85, 18.95,
                        19.05, 19.15, 19.25, 19.35, 19.45,
                        19.55, 19.65, 19.75, 19.85, 19.95,
                        20.05, 20.15, 20.25, 20.35, 20.45,
                        20.55, 20.65, 20.75, 20.85, 20.95,
                        21.05, 21.15, 21.25, 21.35, 21.45,
                        21.55, 21.65, 21.75, 21.85, 21.95,
                        22.05, 22.15, 22.25, 22.35, 22.45,
                        22.55, 22.65, 22.75, 22.85, 22.95,
                        23.05, 23.15, 23.25, 23.35, 23.45,
                        23.55, 23.65, 23.75, 23.85, 23.95,
                        24.05, 24.15, 24.25, 24.35, 24.45,
                        24.55, 24.65, 24.75, 24.85, 24.95,
                        25.05, 25.15, 25.25, 25.35, 25.45,
                        25.55, 25.65, 25.75, 25.85, 25.95,
                        26.05, 26.15, 26.25, 26.35, 26.45,
                        26.55, 26.65, 26.75, 26.85, 26.95,
                        27.05, 27.15, 27.25, 27.35, 27.45,
                        27.55, 27.65, 27.75, 27.85, 27.95,
                        28.05, 28.15, 28.25, 28.35, 28.45,
                        28.55, 28.65, 28.75, 28.85, 28.95,
                        29.05, 29.15, 29.25, 29.35, 29.45,
                        29.55, 29.65, 29.75, 29.85, 29.95,
                        30.05, 30.15, 30.25, 30.35, 30.45,
                        30.55, 30.65, 30.75, 30.85, 30.95,
                        31.05, 31.15, 31.25, 31.35, 31.45,
                        31.55, 31.65, 31.75, 31.85, 31.95,
                        32.05, 32.15, 32.25, 32.35, 32.45,
                        32.55, 32.65, 32.75, 32.85, 32.95,
                        33.05, 33.15, 33.25, 33.35, 33.45,
                        33.55, 33.65, 33.75, 33.85, 33.95,
                        34.05, 34.15, 34.25, 34.35, 34.45,
                        34.55, 34.65, 34.75, 34.85, 34.95,
                        35.05, 35.15, 35.25, 35.35, 35.45,
                        35.55, 35.65, 35.75, 35.85, 35.95,
                        36.05, 36.15, 36.25, 36.35, 36.45,
                        36.55, 36.65, 36.75, 36.85, 36.95,
                        37.05, 37.15, 37.25, 37.35, 37.45,
                        37.55, 37.65, 37.75, 37.85, 37.95,
                        38.05, 38.15, 38.25, 38.35, 38.45,
                        38.55, 38.65, 38.75, 38.85, 38.95,
                        39.05, 39.15, 39.25, 39.35, 39.45,
                        39.55, 39.65, 39.75, 39.85, 39.95,
                        40.05, 40.15, 40.25, 40.35, 40.45,
                        40.55, 40.65, 40.75, 40.85, 40.95,
                        41.05, 41.15, 41.25, 41.35, 41.45,
                        41.55, 41.65, 41.75, 41.85, 41.95,
                        42.05, 42.15, 42.25, 42.35, 42.45,
                        42.55, 42.65, 42.75, 42.85, 42.95,
                        43.05, 43.15, 43.25, 43.35, 43.45,
                        43.55, 43.65, 43.75, 43.85, 43.95,
                        44.05, 44.15, 44.25, 44.35, 44.45,
                        44.55, 44.65, 44.75, 44.85, 44.95,
                        45.05, 45.15, 45.25, 45.35, 45.45,
                        45.55, 45.65, 45.75, 45.85, 45.95,
                        46.05, 46.15, 46.25, 46.35, 46.45,
                        46.55, 46.65, 46.75, 46.85, 46.95,
                        47.05, 47.15, 47.25, 47.35, 47.45,
                        47.55, 47.65, 47.75, 47.85, 47.95,
                        48.05, 48.15, 48.25, 48.35, 48.45,
                        48.55, 48.65, 48.75, 48.85, 48.95,
                        49.05, 49.15, 49.25, 49.35, 49.45,
                        49.55, 49.65, 49.75, 49.85, 49.95,
                        50.05, 50.15, 50.25, 50.35, 50.45,
                        50.55, 50.65, 50.75, 50.85, 50.95,
                        51.05, 51.15, 51.25, 51.35, 51.45,
                        51.55, 51.65, 51.75, 51.85, 51.95,
                        52.05, 52.15, 52.25, 52.35, 52.45,
                        52.55, 52.65, 52.75, 52.85, 52.95,
                        53.05, 53.15, 53.25, 53.35, 53.45,
                        53.55, 53.65, 53.75, 53.85, 53.95,
                        54.05, 54.15, 54.25, 54.35, 54.45,
                        54.55, 54.65, 54.75, 54.85, 54.95,
                        55.05, 55.15, 55.25, 55.35, 55.45,
                        55.55, 55.65, 55.75, 55.85, 55.95,
                        56.05, 56.15, 56.25, 56.35, 56.45,
                        56.55, 56.65, 56.75, 56.85, 56.95,
                        57.05, 57.15, 57.25, 57.35, 57.45,
                        57.55, 57.65, 57.75, 57.85, 57.95,
                        58.05, 58.15, 58.25, 58.35, 58.45,
                        58.55, 58.65, 58.75, 58.85, 58.95,
                        59.05, 59.15, 59.25, 59.35, 59.45,
                        59.55, 59.65, 59.75, 59.85, 59.95,
                        60.05, 60.15, 60.25, 60.35, 60.45,
                        60.55, 60.65, 60.75, 60.85, 60.95,
                        61.05, 61.15, 61.25, 61.35, 61.45,
                        61.55, 61.65, 61.75, 61.85, 61.95,
                        62.05, 62.15, 62.25, 62.35, 62.45,
                        62.55, 62.65, 62.75, 62.85, 62.95,
                        63.05, 63.15, 63.25, 63.35, 63.45,
                        63.55, 63.65, 63.75, 63.85, 63.95,
                        64.05, 64.15, 64.25, 64.35, 64.45,
                        64.55, 64.65, 64.75, 64.85, 64.95,
                        65.05, 65.15, 65.25, 65.35, 65.45,
                        65.55, 65.65, 65.75, 65.85, 65.95,
                        66.05, 66.15, 66.25, 66.35, 66.45,
                        66.55, 66.65, 66.75, 66.85, 66.95,
                        67.05, 67.15, 67.25, 67.35, 67.45,
                        67.55, 67.65, 67.75, 67.85, 67.95,
                        68.05, 68.15, 68.25, 68.35, 68.45,
                        68.55, 68.65, 68.75, 68.85, 68.95,
                        69.05, 69.15, 69.25, 69.35, 69.45,
                        69.55, 69.65, 69.75, 69.85, 69.95,
                        70.05, 70.15, 70.25, 70.35, 70.45,
                        70.55, 70.65, 70.75, 70.85, 70.95,
                        71.05, 71.15, 71.25, 71.35, 71.45,
                        71.55, 71.65, 71.75, 71.85, 71.95,
                        72.05, 72.15, 72.25, 72.35, 72.45,
                        72.55, 72.65, 72.75, 72.85, 72.95,
                        73.05, 73.15, 73.25, 73.35, 73.45,
                        73.55, 73.65, 73.75, 73.85, 73.95,
                        74.05, 74.15, 74.25, 74.35, 74.45,
                        74.55, 74.65, 74.75, 74.85, 74.95,
                        75.05, 75.15, 75.25, 75.35, 75.45,
                        75.55, 75.65, 75.75, 75.85, 75.95,
                        76.05, 76.15, 76.25, 76.35, 76.45,
                        76.55, 76.65, 76.75, 76.85, 76.95,
                        77.05, 77.15, 77.25, 77.35, 77.45,
                        77.55, 77.65, 77.75, 77.85, 77.95,
                        78.05, 78.15, 78.25, 78.35, 78.45,
                        78.55, 78.65, 78.75, 78.85, 78.95,
                        79.05, 79.15, 79.25, 79.35, 79.45,
                        79.55, 79.65, 79.75, 79.85, 79.95,
                        80.05, 80.15, 80.25, 80.35, 80.45,
                        80.55, 80.65, 80.75, 80.85, 80.95,
                        81.05, 81.15, 81.25, 81.35, 81.45,
                        81.55, 81.65, 81.75, 81.85, 81.95,
                        82.05, 82.15, 82.25, 82.35, 82.45,
                        82.55, 82.65, 82.75, 82.85, 82.95,
                        83.05, 83.15, 83.25, 83.35, 83.45,
                        83.55, 83.65, 83.75, 83.85, 83.95,
                        84.05, 84.15, 84.25, 84.35, 84.45,
                        84.55, 84.65, 84.75, 84.85, 84.95,
                        85.05, 85.15, 85.25, 85.35, 85.45,
                        85.55, 85.65, 85.75, 85.85, 85.95,
                        86.05, 86.15, 86.25, 86.35, 86.45,
                        86.55, 86.65, 86.75, 86.85, 86.95,
                        87.05, 87.15, 87.25, 87.35, 87.45,
                        87.55, 87.65, 87.75, 87.85, 87.95,
                        88.05, 88.15, 88.25, 88.35, 88.45,
                        88.55, 88.65, 88.75, 88.85, 88.95,
                        89.05, 89.15, 89.25, 89.35, 89.45,
                        89.55, 89.65, 89.75, 89.85, 89.95,
                        90.05, 90.15, 90.25, 90.35, 90.45,
                        90.55, 90.65, 90.75, 90.85, 90.95,
                        91.05, 91.15, 91.25, 91.35, 91.45,
                        91.55, 91.65, 91.75, 91.85, 91.95,
                        92.05, 92.15, 92.25, 92.35, 92.45,
                        92.55, 92.65, 92.75, 92.85, 92.95,
                        93.05, 93.15, 93.25, 93.35, 93.45,
                        93.55, 93.65, 93.75, 93.85, 93.95,
                        94.05, 94.15, 94.25, 94.35, 94.45,
                        94.55, 94.65, 94.75, 94.85, 94.95,
                        95.05, 95.15, 95.25, 95.35, 95.45,
                        95.55, 95.65, 95.75, 95.85, 95.95,
                        96.05, 96.15, 96.25, 96.35, 96.45,
                        96.55, 96.65, 96.75, 96.85, 96.95,
                        97.05, 97.15, 97.25, 97.35, 97.45,
                        97.55, 97.65, 97.75, 97.85, 97.95,
                        98.05, 98.15, 98.25, 98.35, 98.45,
                        98.55, 98.65, 98.75, 98.85, 98.95,
                        99.05, 99.15, 99.25, 99.35, 99.45,
                        99.55, 99.65, 99.75, 99.85, 99.95,
                        100.05, 100.15, 100.25, 100.35, 100.45,
                        100.55, 100.65, 100.75, 100.85, 100.95,
                        101.05, 101.15, 101.25, 101.35, 101.45,
                        101.55, 101.65, 101.75, 101.85, 101.95,
                        102.05, 102.15, 102.25, 102.35, 102.45,
                        102.55, 102.65, 102.75, 102.85, 102.95,
                        103.05, 103.15, 103.25, 103.35, 103.45,
                        103.55, 103.65, 103.75, 103.85, 103.95,
                        104.05, 104.15, 104.25, 104.35, 104.45,
                        104.55, 104.65, 104.75, 104.85, 104.95,
                        105.05, 105.15, 105.25, 105.35, 105.45,
                        105.55, 105.65, 105.75, 105.85, 105.95,
                        106.05, 106.15, 106.25, 106.35, 106.45,
                        106.55, 106.65, 106.75, 106.85, 106.95,
                        107.05, 107.15, 107.25, 107.35, 107.45,
                        107.55, 107.65, 107.75, 107.85, 107.95,
                        108.05, 108.15, 108.25, 108.35, 108.45,
                        108.55, 108.65, 108.75, 108.85, 108.95,
                        109.05, 109.15, 109.25, 109.35, 109.45,
                        109.55, 109.65, 109.75, 109.85, 109.95 };
   const double fY[1100] = { 0, 0, 0, 0, -1.385,
                        0, 0, 0, 0, 0,
                        0, 0, 0, 0, -1.305,
                        0, 0, 0, 0, -1.425,
                        0, 0, 0, 0, 0,
                        0, 0, 0, 0, 0,
                        0, 0, 0, 0, 0,
                        0, -4.845, 0, 0, 0,
                        -1.445, 0, 0, 0, 0,
                        0, 0, 0, 0, 0,
                        0, 0, 0, 0, 0,
                        0, 0, 0, 0, 0,
                        0, 0, 0, 0, 0,
                        0, 0, 0, 0, 0,
                        0, 0, 0, 0, 0,
                        0, 0, 0, 0, 0,
                        0, 0, 0, 0, 0,
                        0, 0, 0, -1.305, 0,
                        0, 0, 0, 0, 0,
                        0, 0, 0, -1.345, 0,
                        0, 0, 0, 0, 0,
                        0, 0, 0, 0, -2.345,
                        0, 0, 0, 0, -1.265,
                        0, 0, 0, -2.215, 0,
                        -0.965, 0, 0, 0, 0,
                        -1.375, -1.195, 0, 0, -1.295,
                        0, 0, 0, 0, 0,
                        0, 0, 0, 0, 0,
                        0, 0, 0, -1.075, 0,
                        0, 0, 0, 0, 0,
                        0, 0, 0, -1.115, 0,
                        0, -1.175, 0, -1.105, 0,
                        0, 0, 0, 0, 0,
                        0, 0, 0, 0, 0,
                        0, 0, 0, -0.835, 0,
                        0, 0, 0, -0.965, 0,
                        0, 0, 0, 0, 0,
                        0, 0, -1.145, -1.255, 0,
                        0, 0, 0, 0, -1.015,
                        0, 0, -1.09, 0, 0,
                        0, 0, 0, 0, -1.385,
                        0, 0, 0, 0, 0,
                        0, -1.185, -0.975, -1.14, -1.005,
                        0, -1.015, 0, 0, 0,
                        -1.045, 0, 0, 0, 0,
                        0, 0, 0, 0, 0,
                        0, 0, 0, 0, 0,
                        0, 0, 0, -1.415, 0,
                        0, 0, -1.035, 0, -1.145,
                        0, -1.885, 0, 0, -1.255,
                        0, 0, 0, 0, 0,
                        0, -1.045, 0, -1.03, 0,
                        -2.065, -1.205, 0, -1.065, -0.935,
                        0, 0, 0, 0, 0,
                        0, 0, 0, -1.965, 0,
                        0, 0, -0.905, 0, 0,
                        0, 0, 0, 0, 0,
                        0, -0.955, -0.855, 0, 0,
                        0, 0, 0, 0, -0.995,
                        0, 0, -0.885, 0, -0.985,
                        -0.97, 0, -0.985, -0.845, -1.585,
                        -0.785, 0, 0, 0, 0,
                        0, -0.825, 0, 0, 0,
                        0, 0, -0.955, 0, -0.835,
                        -0.815, 0, 0, 0, 0,
                        0, -0.635, 0, -1.095, -1.575,
                        -1.245, -0.765, 0, 0, 0,
                        0, 0, -0.905, -0.905, -1.135,
                        0, 0, 0, -1.395, -1.38,
                        -1.2625, -1.145, -1.265, -1.265, -1.375,
                        -1.56167, -1.27833, -1.15, -1.32167, -1.331,
                        -1.23, -1.33, -1.325, -1.22167, -1.285,
                        -1.3175, -1.28071, -1.32, -1.185, -1.26,
                        -1.345, -1.197, -1.2875, -1.29, -1.28,
                        -1.20125, -1.18, -1.175, -1.277, -1.285,
                        -1.16056, -1.165, -1.195, -1.25167, -1.22553,
                        -1.21885, -1.12786, -1.13045, -1.22125, -1.23571,
                        -1.231, -1.19045, -1.19, -1.198, -1.16444,
                        -1.165, -1.17786, -1.17318, -1.15136, -1.16967,
                        -1.1737, -1.19929, -1.09313, -1.15685, -1.155,
                        -1.16206, -1.15429, -1.12667, -1.1514, -1.15778,
                        -1.13458, -1.1382, -1.13429, -1.085, -1.1062,
                        -1.13152, -1.00786, -1.0922, -1.10083, -1.13462,
                        -1.08958, -1.1037, -1.10786, -1.09224, -1.11167,
                        -1.02196, -0.997812, -1.06833, -1.065, -1.0425,
                        -1.05914, -1.06944, -1.07808, -1.0525, -1.04076,
                        -1.03921, -1.1263, -1.05353, -1.01263, -1.04271,
                        -1.01244, -1.01875, -1.10167, -0.973542, -1.00145,
                        -1.00083, -1.00149, -1.03659, -1.00717, -0.944318,
                        -0.984815, -0.959667, -0.970909, -0.975185, -0.992059,
                        -0.974211, -0.988421, -0.96, -0.96119, -0.952308,
                        -0.960926, -0.95266, -0.895172, -0.931522, -0.949643,
                        -0.916321, -0.951512, -0.922692, -0.914, -0.924149,
                        -0.907955, -0.91951, -0.9025, -0.906739, -0.8935,
                        -0.892907, -0.908542, -0.905, -0.852222, -0.923511,
                        -0.8775, -0.890435, -0.87066, -0.887653, -0.857941,
                        -0.853293, -0.856373, -0.856837, -0.842833, -0.853,
                        -0.850526, -0.8514, -0.836778, -0.828556, -0.821538,
                        -0.807807, -0.807353, -0.820556, -0.808396, -0.810714,
                        -0.80825, -0.798103, -0.795, -0.8048, -0.786136,
                        -0.800625, -0.7756, -0.803269, -0.774167, -0.789545,
                        -0.768043, -0.78407, -0.732797, -0.766429, -0.789286,
                        -0.834074, -0.760745, -0.7524, -0.755638, -0.762872,
                        -0.730294, -0.709222, -0.657391, -0.760217, -0.721486,
                        -0.710625, -0.710385, -0.7065, -0.719054, -0.687619,
                        -0.760818, -0.730789, -0.726129, -0.671154, -0.713491,
                        -0.690143, -0.683372, -0.688429, -0.725476, -0.693889,
                        -0.694143, -0.687, -0.67075, -0.681429, -0.663864,
                        -0.660946, -0.660472, -0.65225, -0.64, -0.639792,
                        -0.654778, -0.64, -0.634474, -0.637195, -0.62141,
                        -0.632826, -0.61622, -0.656707, -0.6446, -0.625444,
                        -0.610143, -0.625541, -0.61225, -0.613485, -0.589054,
                        -0.631607, -0.638421, -0.614524, -0.618333, -0.574574,
                        -0.60575, -0.588, -0.601429, -0.573293, -0.57413,
                        -0.589286, -0.572879, -0.525784, -0.55625, -0.575882,
                        -0.578043, -0.540263, -0.562105, -0.54, -0.554565,
                        -0.5188, -0.55087, -0.55, -0.520581, -0.530686,
                        -0.536282, -0.519182, -0.5295, -0.529082, -0.509,
                        -0.506154, -0.557051, -0.529902, -0.475, -0.413421,
                        -0.495556, -0.509727, -0.474796, -0.460577, -0.481585,
                        -0.4546, -0.46, -0.465, -0.40375, -0.473276,
                        -0.441667, -0.47161, -0.479386, -0.498175, -0.480538,
                        -0.4428, -0.454863, -0.439638, -0.461792, -0.442869,
                        -0.456429, -0.437281, -0.412391, -0.426569, -0.413571,
                        -0.417027, -0.434167, -0.415123, -0.431286, -0.387241,
                        -0.424512, -0.394062, -0.394881, -0.397692, -0.376333,
                        -0.374254, -0.411667, -0.392349, -0.35975, -0.359627,
                        -0.369143, -0.357022, -0.367368, -0.380946, -0.328478,
                        -0.412581, -0.351552, -0.313208, -0.342674, -0.317697,
                        -0.328333, -0.31325, -0.325, -0.328226, -0.3149,
                        -0.27119, -0.316429, -0.285427, -0.298307, -0.305256,
                        -0.292064, -0.309615, -0.3002, -0.299514, -0.284,
                        -0.287, -0.295132, -0.28344, -0.279074, -0.268889,
                        -0.255985, -0.259247, -0.264178, -0.279525, -0.261596,
                        -0.256694, -0.24433, -0.250134, -0.244085, -0.25525,
                        -0.238961, -0.224886, -0.237553, -0.215364, -0.228333,
                        -0.240294, -0.236854, -0.217308, -0.212052, -0.212283,
                        -0.207171, -0.2153, -0.22119, -0.211406, -0.201345,
                        -0.196775, -0.190637, -0.181815, -0.197245, -0.178092,
                        -0.190885, -0.176892, -0.172298, -0.17379, -0.166235,
                        -0.175894, -0.173902, -0.175731, -0.164958, -0.147613,
                        -0.163508, -0.148446, -0.154103, -0.155557, -0.152647,
                        -0.148702, -0.139353, -0.148878, -0.144112, -0.139219,
                        -0.143717, -0.133229, -0.125814, -0.125539, -0.128832,
                        -0.115492, -0.108354, -0.11378, -0.109497, -0.0996749,
                        -0.0954213, -0.0973127, -0.112317, -0.104257, -0.102268,
                        -0.0929598, -0.0929279, -0.0879815, -0.0895404, -0.0836649,
                        -0.0879238, -0.0781198, -0.0806571, -0.0713158, -0.0713021,
                        -0.0687467, -0.0840411, -0.0584837, -0.0592933, -0.0536895,
                        -0.0652111, -0.0742328, -0.0628329, -0.0581234, -0.0442874,
                        -0.0565594, -0.0373007, -0.0473223, -0.0588702, -0.0366898,
                        -0.0440618, -0.0397926, -0.0379253, -0.0412316, -0.0333404,
                        -0.0190302, -0.0195372, -0.00357143, -0.0216742, -0.0322746,
                        -0.0240848, -0.014646, -0.0166704, -0.0199896, -0.02129,
                        -0.00472574, -0.0220213, -0.010732, 0.00282881, -0.0187773,
                        -0.00247475, -0.00189591, -0.00295207, 0.00598619, 0.00478947,
                        0.00217435, 0.00050813, 0.00699105, 0.0134615, 0.000570342,
                        0.0135714, 0.0127255, 0.0141331, 0.0275048, 0.0261063,
                        0.015785, 0.0389489, 0.0419245, 0.0379079, 0.0292153,
                        0.029364, 0.0372642, 0.0475865, 0.0233701, 0.0294574,
                        0.043887, 0.0197782, 0.0358734, 0.0367816, 0.053221,
                        0.0343873, 0.0390272, 0.050087, 0.0517279, 0.0554415,
                        0.0409443, 0.0451287, 0.0506642, 0.0530684, 0.0562602,
                        0.0687363, 0.0592125, 0.0640459, 0.061169, 0.0572801,
                        0.0598885, 0.0579348, 0.065918, 0.0570732, 0.063317,
                        0.0654225, 0.0626718, 0.0674274, 0.0629921, 0.0636179,
                        0.0783193, 0.0734755, 0.0717103, 0.0627739, 0.0615331,
                        0.0726568, 0.082434, 0.0682523, 0.0726087, 0.0755805,
                        0.0654, 0.0884698, 0.0731636, 0.0678803, 0.0881873,
                        0.0846276, 0.0809398, 0.0881136, 0.0737739, 0.0789719,
                        0.0740385, 0.0764085, 0.0816421, 0.0849299, 0.0800284,
                        0.0742764, 0.0832667, 0.086578, 0.0781903, 0.0762453,
                        0.0796631, 0.0844303, 0.0860313, 0.0863922, 0.0851676,
                        0.0770841, 0.0912456, 0.0889313, 0.0676782, 0.0883333,
                        0.076171, 0.0793644, 0.0911538, 0.0761554, 0.0994737,
                        0.094693, 0.0819159, 0.0878516, 0.0815498, 0.0824364,
                        0.0765371, 0.0723237, 0.0876692, 0.0863646, 0.0783133,
                        0.0751633, 0.0781758, 0.0846262, 0.079023, 0.0748673,
                        0.0888772, 0.0724895, 0.0858539, 0.0849168, 0.0683461,
                        0.0795833, 0.0799341, 0.0737041, 0.0773366, 0.078277,
                        0.0771219, 0.0760856, 0.0656073, 0.0697608, 0.0650583,
                        0.0701434, 0.0729089, 0.0653171, 0.0624502, 0.0585583,
                        0.0642383, 0.0609229, 0.0658467, 0.0604021, 0.0604042,
                        0.0433164, 0.0455882, 0.0556061, 0.0532328, 0.0576772,
                        0.0497748, 0.0577143, 0.044695, 0.0354711, 0.0542807,
                        0.0360603, 0.0436652, 0.0520495, 0.0399224, 0.0413596,
                        0.0496833, 0.0387554, 0.0380093, 0.0427228, 0.0294944,
                        0.0253672, 0.0366628, 0.0180549, 0.0388126, 0.0308717,
                        0.0214371, 0.0143991, 0.0162727, 0.0132618, 0.0271087,
                        0.00606918, 0.0101531, -0.00239631, -0.000112613, 0.0133495,
                        -0.0051699, 0.0014, -0.00225581, -0.00792035, 0.00219298,
                        -0.0132721, -0.015438, -0.00656322, 0.00283964, -0.0149138,
                        -0.0322609, -0.0193318, -0.0261063, -0.0312315, -0.022563,
                        -0.0317229, -0.0335919, -0.0343046, -0.0489558, -0.0342326,
                        -0.0497588, -0.0479279, -0.0549286, -0.0502668, -0.0401338,
                        -0.0595985, -0.0619324, -0.0592093, -0.0812169, -0.0637407,
                        -0.0452638, -0.0795388, -0.068309, -0.0834019, -0.1016,
                        -0.0906693, -0.0924163, -0.0906325, -0.0999148, -0.0924194,
                        -0.105376, -0.116307, -0.102374, -0.110388, -0.119319,
                        -0.119021, -0.128903, -0.112725, -0.126318, -0.139975,
                        -0.139623, -0.132834, -0.150595, -0.154484, -0.147322,
                        -0.161766, -0.144307, -0.160056, -0.170989, -0.160856,
                        -0.172968, -0.171881, -0.180731, -0.181812, -0.186738,
                        -0.192746, -0.196262, -0.197284, -0.205573, -0.21957,
                        -0.206377, -0.214272, -0.213357, -0.212919, -0.233669,
                        -0.231215, -0.222918, -0.233856, -0.22169, -0.232707,
                        -0.248661, -0.254019, -0.273388, -0.252406, -0.258759,
                        -0.266765, -0.274273, -0.275888, -0.281966, -0.28258,
                        -0.282509, -0.277645, -0.279007, -0.296103, -0.29842,
                        -0.29481, -0.31235, -0.303825, -0.32144, -0.307969,
                        -0.337569, -0.342218, -0.340365, -0.333721, -0.335828,
                        -0.339196, -0.355314, -0.364811, -0.361516, -0.37863,
                        -0.379661, -0.374522, -0.382924, -0.38773, -0.390896,
                        -0.399059, -0.396241, -0.401902, -0.411986, -0.413638,
                        -0.418039, -0.427278, -0.415104, -0.448708, -0.422626,
                        -0.448285, -0.455451, -0.454848, -0.439096, -0.451748,
                        -0.465, -0.470231, -0.468356, -0.489457, -0.451431,
                        -0.475464, -0.499041, -0.501667, -0.498333, -0.50632,
                        -0.505976, -0.516529, -0.521347, -0.512393, -0.506273,
                        -0.532895, -0.520531, -0.537241, -0.523151, -0.563809 };
   const double fB[1100] = { 3.19734, -1.59867, 3.19734, -11.1907, 0.0154521,
                        11.1289, -2.98101, 0.795162, -0.199634, 0.00337524,
                        0.186133, -0.747908, 2.8055, -10.4741, -0.0591263,
                        10.7106, -3.63327, 3.82248, -11.6566, 0.0540748,
                        11.4403, -3.06543, 0.821381, -0.220093, 0.0589923,
                        -0.015876, 0.00451175, -0.00217097, 0.00417213, -0.0145175,
                        0.053898, -0.201075, 0.7504, -2.80053, 10.4517,
                        -39.0063, 0.22346, 38.1125, -7.32327, -8.81937,
                        -0.749247, 11.8164, -3.16618, 0.848376, -0.227322,
                        0.0609107, -0.016321, 0.00437319, -0.00117179, 0.000313981,
                        -8.41309e-05, 2.25428e-05, -6.04033e-06, 1.6185e-06, -4.33676e-07,
                        1.16203e-07, -3.11365e-08, 8.34301e-09, -2.2355e-09, 5.99e-10,
                        -1.60498e-10, 4.29922e-11, -1.14708e-11, 2.89091e-12, -9.2852e-14,
                        -2.5195e-12, 1.01709e-11, -3.81639e-11, 1.42485e-10, -5.31775e-10,
                        1.98462e-09, -7.40669e-09, 2.76422e-08, -1.03162e-07, 3.85006e-07,
                        -1.43686e-06, 5.36244e-06, -2.00129e-05, 7.46891e-05, -0.000278743,
                        0.00104028, -0.0038824, 0.0144893, -0.0540748, 0.20181,
                        -0.753165, 2.81085, -10.4902, 7.69782e-05, 10.4899,
                        -2.80977, 0.749162, -0.186876, -0.00165741, 0.193506,
                        -0.772366, 2.89596, -10.8115, -0.000110624, 10.8119,
                        -2.89751, 0.778118, -0.214967, 0.0817489, -0.112029,
                        0.366367, -1.35344, 5.04739, -18.8361, -0.0528845,
                        19.0477, -5.78777, 4.10343, -10.626, 0.450402,
                        8.82435, 2.20219, -17.6331, 1.88024, 10.1122,
                        -4.82889, 9.20339, -3.03467, 2.93531, -8.70655,
                        -9.35912, 10.293, 9.43701, -12.1911, 0.477284,
                        10.2819, -2.75503, 0.738193, -0.197741, 0.0527715,
                        -0.0133447, 0.000607165, 0.010916, -0.0442712, 0.166169,
                        -0.620403, 2.31545, -8.64138, 6.20563e-05, 8.64113,
                        -2.31458, 0.617176, -0.15413, -0.000657566, 0.15676,
                        -0.626382, 2.34877, -8.7687, -0.723984, 11.6646,
                        -12.4846, 3.02357, 0.390266, -2.48463, 9.54827,
                        -2.55845, 0.685538, -0.183701, 0.0492669, -0.0133663,
                        0.00419834, -0.00342704, 0.00950983, -0.0346123, 0.128939,
                        -0.481145, 1.79564, -6.70141, -0.0399859, 6.86136,
                        -2.35544, 2.56041, -7.88621, 0.0344268, 7.7485,
                        -2.07844, 0.565249, -0.182559, 0.164987, -0.477389,
                        1.74457, -6.50088, -10.091, 9.21504, 7.58089,
                        -1.88861, -0.0264521, 1.99442, -7.95122, -0.639527,
                        10.5093, -10.9478, 0.581876, 8.6203, -2.36307,
                        0.831971, -0.964818, 3.0273, -11.1444, 0.000254698,
                        11.1434, -3.02374, 0.951574, -0.78256, 2.17867,
                        -7.9321, -6.00025, 2.6831, -3.38214, 9.94545,
                        -2.19966, -1.44682, 7.98692, -0.0508621, -7.78347,
                        -0.165254, 8.44449, -2.26269, 0.606287, -0.162454,
                        0.0435279, -0.0116578, 0.00310348, -0.000756097, -7.90946e-05,
                        0.00107248, -0.00421081, 0.0157708, -0.0588722, 0.219718,
                        -0.82, 3.06028, -11.4211, 0.174252, 10.7241,
                        -0.620756, -8.2411, 2.53517, -1.89957, 1.76311,
                        -5.15287, -3.35164, 18.5594, -14.3361, 1.13509,
                        9.79576, -2.66815, 0.87682, -0.839132, 2.47971,
                        -9.07971, 2.48913, -0.876792, 1.46804, -4.99538,
                        -12.5365, 18.9915, -1.47944, -8.87374, 8.9244,
                        5.12615, -1.37899, 0.389797, -0.180202, 0.331012,
                        -1.14384, 4.24436, -15.8336, 0.140088, 15.2733,
                        -2.28314, -6.14071, -0.304028, 7.35682, -1.97326,
                        0.536214, -0.171599, 0.15018, -0.429121, 1.5663,
                        -5.8361, -6.87192, 7.67379, 4.82678, -1.33091,
                        0.496854, -0.656508, 2.12918, -7.86021, -0.538345,
                        10.0136, -9.66601, 2.10047, 1.26415, -10.1571,
                        10.2641, -1.34934, -5.31673, -2.73373, -1.74835,
                        11.5271, 3.18977, -0.736222, -0.244881, 1.71574,
                        -6.6181, 0.00664174, 6.59153, -1.62276, -0.10049,
                        2.02472, -7.99839, 1.31883, 2.72305, -8.61104,
                        7.27112, 4.57658, -1.12744, -0.066829, 1.39475,
                        -5.51219, 1.60399, -0.903787, -11.7888, 0.809162,
                        4.0522, 7.28206, 4.16958, -1.01038, -0.128045,
                        1.52256, -5.96221, -4.82374, -1.89283, 5.49507,
                        7.06253, 0.304789, -8.28169, -9.02803, 2.9938,
                        1.02785, -0.0551779, -0.882134, -0.0162851, -2.35273,
                        0.527187, 3.14398, -0.753096, -1.43159, 1.04947,
                        -0.0162878, -0.954319, 0.983565, 0.270061, -0.863807,
                        0.310167, -0.24829, 0.607993, 0.687746, -1.55898,
                        0.748162, 0.456329, -0.848478, 0.147583, 0.483147,
                        0.582329, 0.187536, -0.544973, -0.917644, 0.915549,
                        0.74878, -0.31067, -0.539434, -0.131594, 0.15002,
                        0.516129, 0.71554, -0.726541, -0.611161, 0.0133938,
                        0.265086, 0.284055, -0.171306, 0.174804, 0.238755,
                        -0.139826, -0.0818323, 0.221701, -0.0101649, -0.0755866,
                        -0.357449, 0.616812, 0.30732, -0.573075, 0.128731,
                        -0.0980585, 0.284931, 0.0200977, -0.278751, 0.161572,
                        0.136964, -0.122095, 0.360345, 0.276714, -0.624631,
                        0.826156, 0.270291, -0.727667, -0.148908, 0.0508386,
                        0.283054, -0.255462, 0.19058, -0.163231, 0.348056,
                        0.879551, -0.450634, -0.468319, 0.308284, 0.0101818,
                        -0.173149, -0.125918, 0.108651, 0.199647, 0.21234,
                        -0.650325, -0.177445, 0.930536, -0.134518, -0.0680114,
                        0.412434, -0.862796, 0.361826, 0.77174, -0.442337,
                        0.178856, -0.274134, -0.155048, 0.723702, 0.0284198,
                        -0.166609, 0.177561, -0.126462, -0.137268, 0.0410407,
                        0.00234458, 0.0587141, 0.189115, 0.00174384, 0.034679,
                        -0.132523, 0.484858, 0.165696, -0.513507, 0.254218,
                        -0.0473352, -0.12094, 0.33995, -0.113509, 0.0703887,
                        0.0133183, 0.0155121, 0.0882697, 0.0145294, 0.123613,
                        -0.094016, -0.198799, 0.526421, -0.2173, -0.212539,
                        0.309122, -0.0316733, 0.02276, 0.024085, 0.262476,
                        -0.0431782, -0.0427045, 0.107675, 0.0181827, -0.0653035,
                        0.0122416, 0.0643369, 0.142867, 0.0495292, 0.116196,
                        0.108143, -0.123203, 0.00221151, 0.0830581, -0.0392058,
                        0.0781519, 0.104923, -0.100345, 0.0955617, -0.0159923,
                        0.0936574, -0.0425465, -0.00279836, 0.0967399, 0.0275519,
                        -0.0232518, 0.229726, 0.161754, -0.347507, -0.4664,
                        0.183742, 0.587663, -0.0841707, -0.0977885, 0.161155,
                        0.213496, 0.594367, -0.403878, -0.508711, 0.515867,
                        -0.0669834, 0.0851232, -0.149759, 0.253831, -0.299136,
                        -0.31021, 0.244864, 0.371427, 0.0584967, -0.22626,
                        0.276872, 0.0223249, -0.314743, -0.0264745, 0.256832,
                        -0.0608531, 0.193247, -0.0103498, 0.0152949, 0.155761,
                        -0.0238611, 0.0414414, 0.118974, 0.0968137, -0.132479,
                        -0.0102318, 0.167156, -0.0492697, 0.114069, -0.0151031,
                        0.0774145, -0.138833, -0.238521, 0.241501, 0.210404,
                        -0.0494011, -0.0156822, 0.0489155, 0.181691, -0.0798012,
                        -0.406155, 0.223411, 0.02501, 0.27918, 0.0567494,
                        -0.128678, 0.0551965, 0.037535, 0.235883, -0.162124,
                        -0.06718, 0.468393, 0.0986509, -0.364133, -0.145062,
                        0.290575, 0.0513363, -0.0177741, 0.027655, 0.133356,
                        0.0749226, -0.322176, 0.277783, 0.11969, -0.177133,
                        0.117821, 0.0509812, -0.118285, 0.125163, 0.232633,
                        -0.367861, -0.202727, 0.466324, 0.798967, -0.167767,
                        -0.744567, 0.256849, 0.339959, -0.142174, 0.0250554,
                        0.22126, -0.262536, 0.516885, -0.117504, -0.295146,
                        0.160588, -0.297234, -0.10323, -0.0867772, 0.415764,
                        0.0849585, 0.0146654, -0.0487504, -0.0275469, 0.0620028,
                        -0.0595478, 0.343833, 0.00533375, -0.0438058, 0.134486,
                        -0.207889, 0.0792139, -0.0518593, 0.214652, 0.0297143,
                        -0.130304, 0.286866, -0.128224, 0.117134, 0.216116,
                        -0.27844, -0.162357, 0.384999, 0.179861, -0.122767,
                        0.0294195, 0.0832202, -0.309067, 0.435344, -0.265605,
                        -0.321963, 0.861255, -0.141865, -0.0274775, 0.117102,
                        -0.0106991, 0.059093, -0.125673, -0.00567561, 0.451375,
                        -0.0887658, -0.142169, 0.230337, -0.235533, 0.116925,
                        -0.0448791, -0.0681774, 0.0735155, 0.0771605, 0.103843,
                        -0.117115, 0.0306682, 0.101231, 0.0461335, 0.150779,
                        0.0434256, -0.0352125, -0.148373, 0.0203467, 0.144456,
                        0.0867637, 0.0264734, 0.00415188, -0.0357416, -0.0146747,
                        0.248158, -0.0670489, 0.0622729, 0.103639, -0.200234,
                        -0.0506193, 0.147093, 0.151841, -0.010398, 0.0405039,
                        -0.00519994, -0.110239, 0.0255837, 0.124729, 0.0708575,
                        0.0307812, 0.127255, -0.0909917, 0.038482, 0.048728,
                        -0.0425904, 0.157648, -0.0304102, 0.0570396, -0.0158339,
                        -0.0568238, 0.0131206, 0.00924745, 0.218185, -0.0384616,
                        -0.0208304, 0.0968098, -0.0842702, 0.026917, 0.0202939,
                        0.0975633, -0.0117109, -0.0559776, 0.0928416, -0.0256402,
                        0.0215615, 0.119097, 0.0391558, -0.045007, 0.0503256,
                        0.145112, -0.016436, -0.0280067, 0.0941724, 0.0744623,
                        0.0302437, -0.124571, -0.0388331, 0.0715652, 0.0540432,
                        0.0511876, 0.0214099, 0.01252, 0.0301361, -0.00356412,
                        0.0326171, 0.039448, 0.0275916, 0.0543053, 0.0358389,
                        -0.120588, 0.0643438, 0.171103, -0.00632223, -0.00198639,
                        -0.163265, 0.0387447, 0.0796313, 0.126011, -0.0273126,
                        0.0301597, 0.116276, -0.218149, 0.109234, 0.100189,
                        -0.0657357, 0.0696697, -0.0288475, 0.0025519, 0.156187,
                        0.0387442, 0.102932, 0.0132896, -0.220198, 0.00640631,
                        0.122253, 0.0334408, -0.0335826, -0.0594168, 0.132662,
                        -0.0133153, -0.101339, 0.238486, -0.107102, -0.0514404,
                        0.153757, -0.0571438, 0.0604986, 0.0516124, -0.0347019,
                        -0.0271602, 0.0149025, 0.112051, -0.0745053, -0.00665143,
                        0.104408, -0.0463249, 0.0977411, 0.0987402, -0.133505,
                        0.0836872, 0.184035, -0.0356436, -0.0726899, -0.0548728,
                        0.0358624, 0.152888, -0.100738, -0.166758, 0.223893,
                        -0.11331, -0.0610271, 0.117013, 0.103076, -0.00889222,
                        -0.139336, 0.140426, 0.0486253, 0.046094, -0.0723688,
                        -0.0801271, 0.0834936, 0.0377487, 0.00370355, 0.115316,
                        0.00506903, -0.0470211, 0.0423034, -0.0634996, 0.00872091,
                        -0.00979856, 0.0501146, -0.0097752, -0.0368622, 0.0791956,
                        -0.0294395, 0.0192041, 0.0127676, -0.0606634, 0.115602,
                        0.0580718, -0.0521608, -0.0477, -0.0780885, 0.0547376,
                        0.155627, -0.0502201, -0.0868818, 0.102989, -0.105229,
                        0.101666, 0.0852422, -0.209726, 0.135978, 0.116524,
                        -0.0996555, 0.0646762, -0.0544694, -0.0617756, 0.0273217,
                        -0.0395756, 0.054078, 0.0513717, -0.00392006, -0.0841028,
                        0.0207261, 0.0983479, -0.0450714, -0.0703534, 0.016504,
                        0.0485219, 0.0349576, 0.00269345, 0.0131257, -0.0811075,
                        0.0320625, 0.135196, -0.217432, 0.0275103, 0.0894516,
                        -0.130533, 0.163614, -0.0744361, 0.03786, 0.172591,
                        -0.172097, -0.0109387, 0.0106089, -0.0424791, -0.00314744,
                        -0.0953125, 0.0810152, 0.105214, -0.0806423, -0.0633221,
                        -0.00210927, 0.0676357, 0.0154535, -0.104034, 0.107915,
                        -0.0320023, -0.0512405, 0.146266, -0.161002, -0.0274905,
                        0.110959, -0.0687062, -0.0125113, 0.040828, -0.0136151,
                        0.00719009, -0.0808861, -0.0290838, 0.00747815, -0.0172998,
                        0.0731999, -0.0399801, -0.0580691, -0.0415045, 0.0213219,
                        0.00985923, 0.0101803, -0.0023284, -0.0164925, -0.0949775,
                        -0.116167, 0.115166, 0.0241905, 0.0174074, -0.0316868,
                        0.00560049, 0.0103985, -0.199588, 0.120658, 0.00452906,
                        -0.121098, 0.161396, -0.0448083, -0.0944457, 0.101894,
                        -0.0203044, -0.0988048, 0.0653035, -0.0433871, -0.147202,
                        0.111525, -0.0838466, 0.00449429, 0.130364, -0.141446,
                        -0.0858462, -0.00934696, -0.0316958, 0.102009, -0.0512594,
                        -0.112748, -0.00641695, -0.115549, 0.160642, -0.0546458,
                        -0.0937778, 0.0712717, -0.103886, 0.0646633, -0.0213029,
                        -0.140005, 0.0523951, 0.131692, -0.0308359, -0.258866,
                        0.0132833, 0.0731925, -0.121416, 0.0554785, 0.00579969,
                        -0.0934182, 0.0370072, -0.132061, 0.0303186, 0.012946,
                        -0.106193, 0.000963212, -0.0527543, 0.139887, -0.0629512,
                        -0.168034, 0.0811294, -0.144807, -0.0804373, 0.330613,
                        -0.163422, -0.150869, 0.0755426, -0.267194, -0.00550972,
                        0.0712122, -0.00381405, -0.0548511, -0.00173893, 0.00819988,
                        -0.194883, 0.0547165, 0.0660723, -0.141464, -0.00856712,
                        -0.0832483, 0.0540314, 0.0560115, -0.200538, -0.0713639,
                        0.0868446, -0.0617912, -0.168827, 0.0876135, -0.0834364,
                        0.0276536, 0.0632545, -0.229368, 0.0537619, -0.009663,
                        -0.0744809, -0.0231855, -0.0656672, -0.0120799, -0.0662097,
                        -0.0510872, -0.0151595, -0.0244175, -0.166513, 0.0219018,
                        0.054786, -0.0821182, 0.064305, -0.134521, -0.135593,
                        0.12802, -0.0539606, 0.00859447, 0.0564249, -0.199818,
                        -0.0662911, -0.174373, 0.0219786, 0.134841, -0.122475,
                        -0.0756973, -0.0401355, -0.0374643, -0.0408143, -3.58849e-05,
                        0.0246759, 0.0493868, -0.117177, -0.134435, 0.0725377,
                        -0.116899, -0.0228358, -0.0622344, -0.000931936, -0.0583545,
                        -0.249534, 0.0290179, 0.0495963, 0.0275299, -0.0236016,
                        -0.0973814, -0.17145, 0.0147384, -0.0735619, -0.135062,
                        0.0694377, -0.0194579, -0.0894773, -0.0188773, -0.0741673,
                        -0.0243227, 0.0110825, -0.105307, -0.0621883, 0.00198689,
                        -0.127351, 0.0982206, -0.177491, -0.0311687, 0.0764965,
                        -0.262123, -0.0127507, 0.116228, 0.0385148, -0.17728,
                        -0.106529, 0.048904, -0.189765, 0.133399, 0.163921,
                        -0.369316, -0.114952, 0.0430541, -0.0360432, -0.0384854,
                        -0.0392837, -0.110636, 0.0206759, 0.15201, -0.176495,
                        -0.0610896, -0.0068851, -0.0417692, 0.0953711, -1.13673 };
   const double fC[1100] = { -47.9601, 4.44089e-15, 47.9601, -191.841, 303.902,
                        -192.768, 51.6686, -13.9069, 3.95893, -1.92884,
                        3.75642, -13.0968, 48.6309, -181.427, 285.577,
                        -177.879, 34.4406, 40.1168, -194.908, 312.015,
                        -198.152, 53.0948, -14.2267, 3.81194, -1.02109,
                        0.272403, -0.0685252, 0.0016981, 0.0617328, -0.248629,
                        0.932785, -3.48251, 12.9973, -48.5065, 181.029,
                        -675.609, 1067.91, -689.016, 234.659, -249.62,
                        330.321, -204.665, 54.8399, -14.6943, 3.93733,
                        -1.055, 0.282687, -0.0757459, 0.020296, -0.00543831,
                        0.00145719, -0.000390453, 0.000104622, -2.80333e-05, 7.51149e-06,
                        -2.0127e-06, 5.39301e-07, -1.44505e-07, 3.87201e-08, -1.0375e-08,
                        2.78004e-09, -7.45137e-10, 2.00507e-10, -5.68897e-11, 2.70521e-11,
                        -5.13185e-11, 1.78222e-10, -6.6157e-10, 2.46806e-09, -9.21066e-09,
                        3.43746e-08, -1.28288e-07, 4.78776e-07, -1.78682e-06, 6.66849e-06,
                        -2.48871e-05, 9.28801e-05, -0.000346633, 0.00129365, -0.00482798,
                        0.0180183, -0.0672451, 0.250962, -0.936603, 3.49545,
                        -13.0452, 48.6853, -181.696, 286.599, -181.701,
                        48.7038, -13.1145, 3.7541, -1.90191, 3.85354,
                        -13.5123, 50.1955, -187.27, 295.383, -187.263,
                        50.1689, -13.4127, 3.48185, -0.514689, -1.42309,
                        6.20705, -23.4051, 87.4134, -326.249, 514.081,
                        -323.076, 74.7212, 24.1909, -171.485, 282.248,
                        -198.509, 132.287, -330.64, 525.774, -443.454,
                        294.044, -153.721, 31.3404, 28.3594, -144.778,
                        138.252, 58.2693, -66.8295, -149.451, 276.135,
                        -178.088, 47.7187, -12.7865, 3.42711, -0.921983,
                        0.260822, -0.121303, 0.224392, -0.776263, 2.88066,
                        -10.7464, 40.1049, -149.673, 236.087, -149.677,
                        40.1198, -10.8022, 3.08917, -1.55445, 3.12862,
                        -10.96, 40.7116, -151.886, 232.333, -108.447,
                        -133.045, 288.126, -314.459, 285.71, -165.381,
                        44.3137, -11.8738, 3.18136, -0.851675, 0.225343,
                        -0.0496964, -0.0265574, 0.155926, -0.597147, 2.23266,
                        -8.3335, 31.1013, -116.072, 182.686, -113.673,
                        21.5047, 27.6538, -132.12, 211.326, -134.186,
                        35.9163, -9.47939, 2.00131, 1.47415, -7.8979,
                        30.1175, -112.572, 76.6704, 116.39, -132.732,
                        38.0367, -19.4151, 39.6239, -139.08, 212.197,
                        -100.709, -113.863, 229.16, -148.775, 38.9416,
                        -6.99124, -10.9767, 50.8979, -192.615, 304.061,
                        -192.63, 50.959, -11.2059, -6.13546, 35.7477,
                        -136.855, 156.174, -69.3406, 8.68824, 124.588,
                        -246.039, 253.567, -159.23, 78.852, -156.178,
                        232.36, -146.263, 39.191, -10.5012, 2.81379,
                        -0.753979, 0.202122, -0.0545087, 0.0159129, -0.00914287,
                        0.0206586, -0.0734914, 0.273307, -1.01974, 3.80564,
                        -14.2028, 53.0057, -197.82, 313.774, -208.275,
                        94.8261, -171.03, 278.792, -323.14, 359.766,
                        -428.926, 446.938, -227.828, -101.128, 255.841,
                        -169.234, 44.5947, -9.14507, -8.01445, 41.2029,
                        -156.797, 272.485, -306.145, 329.593, -394.227,
                        318.816, -3.53545, -201.174, 127.231, 50.7506,
                        -88.7331, 23.6817, -5.99392, 0.293928, 4.81821,
                        -19.5668, 73.4488, -274.229, 433.966, -282.634,
                        107.07, -145.646, 204.012, -127.404, 34.103,
                        -9.0083, 1.93017, 1.28761, -7.08062, 27.0349,
                        -101.059, 90.7006, 54.7565, -83.2265, 21.6496,
                        -3.372, -8.16162, 36.0185, -135.912, 209.131,
                        -103.612, -93.1844, 210.849, -219.212, 105,
                        99.2114, -215.346, 175.672, -149.842, 159.696,
                        -26.9406, -56.4332, 17.1732, -12.2598, 31.8661,
                        -115.204, 181.452, -115.603, 33.4601, -18.2374,
                        39.4895, -139.721, 232.893, -218.851, 105.51,
                        53.3119, -80.2572, 23.217, -12.611, 27.2268,
                        -96.2962, 167.458, -192.536, 83.6853, 42.2948,
                        -9.86447, 42.1631, -73.2878, 21.4881, -12.6647,
                        29.1708, -104.018, 115.403, -86.0941, 159.973,
                        -144.299, 76.7211, -162.586, 155.123, -34.9044,
                        15.2449, -26.0751, 17.8055, -9.14704, -14.2174,
                        43.0165, -16.8486, -22.1221, 15.3372, 9.47347,
                        -20.1311, 10.7507, 8.6281, -15.7631, 4.42447,
                        7.31527, -12.8998, 21.4627, -20.6651, -1.80208,
                        24.8735, -27.7918, 14.7437, -4.78312, 8.13877,
                        -7.14694, 3.19901, -10.5241, 6.79739, 11.5345,
                        -13.2022, 2.60774, -4.89538, 8.97378, -6.15764,
                        9.81873, -7.82461, -6.5962, 7.75, -1.50445,
                        4.02137, -3.83168, -0.721928, 4.18303, -3.54352,
                        -0.242299, 0.822237, 2.21309, -4.53175, 3.87753,
                        -6.69616, 16.4388, -19.5337, 10.7297, -3.71168,
                        1.44379, 2.38611, -5.03445, 2.04596, 2.35726,
                        -2.60333, 0.0127378, 4.81167, -5.64798, -3.36547,
                        17.8733, -23.432, 13.4524, -7.66484, 9.6623,
                        -7.34015, 1.95499, 2.50543, -6.04354, 11.1564,
                        -5.84147, -7.46038, 7.28353, 0.482497, -3.46352,
                        1.63021, -1.1579, 3.50358, -2.59362, 2.72055,
                        -11.3472, 16.076, -4.9962, -5.65434, 6.31941,
                        -1.51495, -11.2373, 23.4836, -19.3844, 7.24366,
                        -1.03173, -3.49817, 4.68903, 4.09847, -11.0513,
                        9.10101, -5.65932, 2.61909, -2.72715, 4.51023,
                        -4.89719, 5.46089, -4.15688, 2.28317, -1.95382,
                        0.281792, 5.89202, -9.08365, 2.29162, 5.38563,
                        -8.40116, 7.66511, -3.05621, -1.47838, 3.31736,
                        -3.88806, 3.91, -3.18243, 2.44502, -1.35419,
                        -0.822099, -0.225729, 7.47792, -14.9151, 14.9627,
                        -9.74614, 6.33819, -5.79385, 5.8071, -3.42319,
                        0.366649, -0.361912, 1.8657, -2.76062, 1.92576,
                        -1.15031, 1.67126, -0.885961, -0.047415, 0.714083,
                        -0.794612, -1.51885, 2.77299, -1.96452, 0.741883,
                        0.431694, -0.163979, -1.88871, 3.84778, -4.96332,
                        6.05982, -7.42186, 7.81934, -6.82395, 6.13207,
                        -6.64011, 9.16989, -9.8496, 4.75699, -5.94593,
                        12.4473, -8.40814, 1.68981, -1.82599, 4.41542,
                        -3.89201, 7.70072, -17.6832, 16.6348, -6.38905,
                        0.560552, 0.960514, -3.30934, 7.34524, -12.8749,
                        12.7642, -7.21343, 8.47905, -11.6084, 8.76079,
                        -3.72947, 1.18399, -4.55467, 7.43736, -4.6043,
                        1.42745, 1.11355, -3.14952, 3.40597, -2.00131,
                        0.205083, 0.447942, 0.327384, -0.548986, -1.74394,
                        2.96641, -1.19253, -0.971727, 2.60511, -3.89683,
                        4.82201, -6.98448, 5.9876, -1.18739, 0.876414,
                        -3.47446, 3.81165, -3.16567, 4.49343, -7.10835,
                        3.84481, 2.45085, -4.43486, 6.97656, -9.20087,
                        7.34659, -5.50785, 5.33124, -3.34775, -0.632314,
                        1.58175, 3.77398, -7.4714, 2.84356, -0.652855,
                        5.00923, -7.40162, 6.71051, -6.25622, 7.31323,
                        -7.89756, 3.92657, 2.07302, -3.65394, 0.685711,
                        2.26383, -2.93223, 1.23957, 1.1949, -0.120201,
                        -5.88474, 7.53609, -0.845574, 4.172, -13.8393,
                        8.07134, 1.94283, -1.11173, -3.7096, 5.3819,
                        -3.41985, -1.41812, 9.21234, -15.5562, 13.7798,
                        -9.22246, 4.64425, -2.70421, 2.86874, 2.15667,
                        -5.46473, 4.7618, -5.39595, 5.60799, -4.71249,
                        3.49699, 0.536821, -3.92181, 3.43042, -1.6475,
                        -1.77625, 4.64728, -5.95801, 8.62312, -10.4725,
                        8.87232, -4.70062, 0.549724, 1.90385, -0.914037,
                        -4.03152, 5.19234, 0.281228, -2.33261, -0.693662,
                        2.21552, -1.67752, -2.24536, 9.68947, -16.699,
                        16.1354, -4.30321, -5.72799, 6.87186, -5.42607,
                        4.14805, -3.45013, 1.60247, -0.402499, 4.97301,
                        -10.3744, 9.84038, -6.11532, 1.45662, 2.06796,
                        -3.68599, 3.45301, -2.03608, 2.07253, -1.80571,
                        -0.403864, 1.88169, -1.17606, 0.625091, 0.421368,
                        -1.49491, 0.708525, -1.84013, 3.52732, -2.28623,
                        1.70931, -2.31221, 2.089, -2.48793, 2.6986,
                        -0.0702717, -3.0818, 4.37502, -3.96136, 0.922629,
                        0.573513, 1.40361, -1.35613, -0.266255, 0.775275,
                        -1.23231, 0.181925, 1.1763, -0.184842, -0.353877,
                        -0.0468869, 1.01163, -3.1941, 4.48884, -4.38638,
                        3.47319, -1.47081, -0.409774, 1.28427, -2.01301,
                        1.60311, -0.903663, 0.864932, 1.22444, -3.79091,
                        3.96722, -2.79082, 0.980021, 0.131851, -0.198081,
                        0.970775, -2.06352, 1.62085, -0.132657, -1.05216,
                        1.52418, -0.548821, -0.250594, -0.591033, 1.54436,
                        -0.596494, -1.01899, 0.903281, 0.318509, -0.51561,
                        0.0734249, -1.62157, 2.47894, -1.37496, 1.19974,
                        -1.2283, 0.930521, -1.01942, 1.19558, -1.53258,
                        1.8944, -1.82609, 1.70752, -1.44038, 1.25572,
                        -2.81999, 4.66931, -3.60172, 1.82747, -1.78411,
                        0.17133, 1.84876, -1.4399, 1.9037, -3.43694,
                        4.01167, -3.1505, -0.193746, 3.46757, -3.55802,
                        1.89878, -0.544724, -0.440448, 0.754443, 0.781904,
                        -1.95633, 2.59821, -3.49463, 1.15975, 1.10629,
                        0.0521766, -0.940298, 0.270064, -0.528406, 2.44919,
                        -3.90896, 3.02872, 0.36953, -3.82541, 4.38202,
                        -2.33005, 0.221041, 0.955383, -1.04424, 0.181102,
                        -0.105686, 0.526314, 0.445174, -2.31074, 2.98928,
                        -1.87869, 0.37136, 1.0693, -1.05931, -1.26314,
                        3.43507, -2.43159, 0.234797, -0.60526, 0.783431,
                        0.123921, 1.04633, -3.58259, 2.92239, 0.984115,
                        -4.35615, 4.87898, -3.09857, 2.95921, -4.07889,
                        2.77445, 0.0231724, -0.941177, 0.915863, -2.10049,
                        2.02291, -0.386701, -0.0707485, -0.269703, 1.38582,
                        -2.48829, 1.96739, -1.07415, 0.0161164, 0.706089,
                        -0.891283, 1.49042, -2.08931, 1.81844, -0.657865,
                        -0.428486, 0.914921, -0.979286, 0.244976, 1.51768,
                        -2.09298, 0.990651, -0.946043, 0.642158, 0.686103,
                        0.322795, -2.38127, 2.01465, -0.115944, -1.96624,
                        4.03519, -4.19942, 1.24974, 2.20729, -2.40183,
                        0.240035, 1.40328, -2.59474, 2.52168, -1.6307,
                        0.96173, -0.0251929, -0.00186982, -0.551048, -0.250779,
                        1.29907, -0.52285, -0.911343, 0.658523, 0.210051,
                        0.110127, -0.24577, -0.076871, 0.181193, -1.12353,
                        2.25522, -1.22389, -2.30239, 4.75181, -4.1324,
                        1.93255, 1.00892, -3.38942, 4.51238, -3.16507,
                        -0.281809, 1.89339, -1.67791, 1.14703, -0.753715,
                        -0.167936, 1.93121, -1.68923, -0.169337, 0.342539,
                        0.26959, 0.42786, -0.949683, -0.245192, 2.36469,
                        -3.76386, 3.57148, -1.59641, -1.47627, 2.81139,
                        -1.4269, -0.369758, 0.931706, -0.398313, -0.146118,
                        0.354169, -1.23493, 1.75295, -1.38733, 1.13956,
                        -0.234558, -0.897241, 0.71635, -0.550704, 1.17897,
                        -1.2936, 1.29681, -1.42189, 1.28025, -2.0651,
                        1.85321, 0.460117, -1.36987, 1.30204, -1.79299,
                        2.16586, -2.11788, 0.0180129, 3.18445, -4.34573,
                        3.08946, -0.264521, -1.79752, 1.30115, 0.662247,
                        -1.88423, 1.09923, 0.541854, -1.62876, 0.590615,
                        1.99665, -3.95037, 4.83378, -3.57508, 0.856982,
                        -0.30098, 1.06597, -1.28946, 2.6265, -4.15918,
                        3.5443, -2.48098, 1.38966, 1.37225, -3.52513,
                        3.13381, -1.48331, -0.268267, 1.95376, -2.81343,
                        1.62641, 0.297597, 0.495374, -2.12066, -0.159642,
                        2.88113, -2.28204, 0.335958, 1.43298, -1.92977,
                        0.937593, 0.366661, -2.05734, 3.68113, -3.85486,
                        2.66347, -1.59191, 1.05474, 0.871673, -2.90005,
                        1.84923, 0.642399, -2.90176, 3.54546, 0.565045,
                        -5.50539, 5.63091, -3.36679, -0.060574, 2.67742,
                        -1.9102, 1.15993, -1.6703, 2.20143, -2.10204,
                        0.0712097, 2.42478, -2.31123, 0.235863, 1.09311,
                        -1.83992, 3.21271, -3.19291, 0.62742, 0.66432,
                        0.917766, -2.40412, 1.33377, 1.23063, -2.94113,
                        4.05203, -3.69602, 0.769799, 2.0615, -2.69575,
                        2.04757, -1.53461, 1.1098, -0.573923, 0.0326245,
                        0.1186, 0.240677, -0.333257, -1.0877, 2.97185,
                        -2.64301, 1.27397, 0.190265, -2.17853, 2.1678,
                        0.468328, -2.28813, 2.91368, -2.43538, -0.127052,
                        1.46232, -2.54314, 4.50666, -3.37804, 0.804882,
                        -0.337105, 0.692723, -0.666011, 0.632511, -0.224727,
                        0.471844, -0.224735, -1.4409, 1.26833, 0.801397,
                        -2.69576, 3.63639, -4.03037, 4.6434, -5.21762,
                        3.30583, -0.520318, 0.726102, -0.946765, 0.435449,
                        -1.17325, 0.432557, 1.42933, -2.31233, 1.69734,
                        0.347657, -1.23661, 0.536419, 0.169581, -0.722481,
                        1.22093, -0.866875, -0.297018, 0.728203, -0.0864506,
                        -1.20693, 3.46264, -6.21975, 7.68297, -6.60632,
                        3.22012, -0.726391, 2.01618, -2.7933, 0.63536,
                        0.0721464, 1.48218, -3.86887, 7.10051, -6.79529,
                        1.46292, 1.08072, 0.499349, -1.29032, 1.2659,
                        -1.27388, 0.560363, 0.752753, 0.560587, -3.84564,
                        4.99969, -4.45764, 4.1088, -2.7374, 0.1 };
   const double fD[1100] = { 159.867, 159.867, -799.336, 1652.48, -1655.57,
                        814.788, -218.585, 59.5528, -19.6259, 18.9509,
                        -56.1775, 205.759, -766.859, 1556.68, -1544.85,
                        707.733, 18.9208, -783.416, 1689.74, -1700.56,
                        837.491, -224.405, 60.1288, -16.1101, 4.31163,
                        -1.13643, 0.234078, 0.200116, -1.03454, 3.93805,
                        -14.7177, 54.9326, -205.013, 765.118, -2855.46,
                        5811.72, -5856.41, 3078.92, -1614.26, 1933.14,
                        -1783.29, 865.017, -231.781, 62.1055, -16.6411,
                        4.45897, -1.19478, 0.32014, -0.0857812, 0.022985,
                        -0.00615881, 0.00165025, -0.000442183, 0.000118483, -3.17473e-05,
                        8.50666e-06, -2.27935e-06, 6.10751e-07, -1.6365e-07, 4.38502e-08,
                        -1.17506e-08, 3.15214e-09, -8.57988e-10, 2.79806e-10, -2.61235e-10,
                        7.65136e-10, -2.79931e-09, 1.04321e-08, -3.89291e-08, 1.45284e-07,
                        -5.42208e-07, 2.02355e-06, -7.55198e-06, 2.81844e-05, -0.000105185,
                        0.000392557, -0.00146504, 0.00546762, -0.0204054, 0.0761541,
                        -0.284211, 1.06069, -3.95855, 14.7735, -55.1355,
                        205.768, -767.938, 1560.98, -1561, 768.015,
                        -206.061, 56.2286, -18.8534, 19.1848, -57.886,
                        212.359, -791.55, 1608.84, -1608.82, 791.44,
                        -211.939, 56.3151, -13.3218, -3.02801, 25.4338,
                        -98.7073, 369.395, -1378.87, 2801.1, -2790.52,
                        1325.99, -168.434, -652.253, 1512.44, -1602.52,
                        1102.65, -1543.09, 2854.71, -3230.76, 2458.33,
                        -1492.55, 616.872, -9.93689, -577.124, 943.433,
                        -266.609, -416.996, -275.406, 1418.62, -1514.08,
                        752.69, -201.684, 54.0452, -14.497, 3.94268,
                        -1.27375, 1.15232, -3.33552, 12.1897, -45.4235,
                        169.504, -632.593, 1285.87, -1285.88, 632.655,
                        -169.74, 46.3047, -15.4787, 15.6102, -46.9622,
                        172.239, -641.993, 1280.73, -1135.94, -81.9917,
                        1403.9, -2008.62, 2000.56, -1503.64, 698.982,
                        -187.291, 50.1837, -13.4434, 3.59006, -0.916797,
                        0.0771297, 0.608279, -2.51024, 9.4327, -35.2205,
                        131.449, -490.577, 995.86, -987.863, 450.591,
                        20.4971, -532.58, 1144.82, -1151.71, 567.006,
                        -151.319, 38.269, -1.75721, -31.2402, 126.718,
                        -475.631, 630.808, 132.4, -830.407, 569.228,
                        -191.506, 196.797, -595.68, 1170.92, -1043.02,
                        -43.847, 1143.41, -1259.78, 625.723, -153.11,
                        -13.2847, 206.248, -811.709, 1655.59, -1655.64,
                        811.963, -207.216, 16.9014, 139.611, -575.344,
                        976.765, -751.715, 260.096, 386.331, -1235.42,
                        1665.35, -1375.99, 793.606, -783.433, 1295.13,
                        -1262.08, 618.179, -165.641, 44.3833, -11.8926,
                        3.187, -0.855436, 0.234739, -0.0835192, 0.0993381,
                        -0.313833, 1.156, -4.31015, 16.0846, -60.0282,
                        224.028, -836.085, 1705.31, -1740.16, 1010.34,
                        -886.186, 1499.41, -2006.44, 2276.35, -2628.98,
                        2919.55, -2249.22, 422.331, 1189.9, -1416.91,
                        712.762, -179.133, 3.76871, 164.058, -660,
                        1430.94, -1928.77, 2119.13, -2412.73, 2376.81,
                        -1074.5, -658.795, 1094.68, -254.934, -464.945,
                        374.716, -98.9189, 20.9595, 15.0809, -81.2832,
                        310.052, -1158.92, 2360.65, -2388.66, 1299.01,
                        -842.385, 1165.53, -1104.72, 538.356, -143.704,
                        36.4616, -2.14187, -27.8941, 113.718, -426.979,
                        639.198, -119.814, -459.943, 349.587, -83.4054,
                        -15.9654, 147.267, -573.103, 1150.14, -1042.48,
                        34.7576, 1013.45, -1433.54, 1080.71, -19.2961,
                        -1048.52, 1303.39, -1085.05, 1031.79, -622.121,
                        -98.3085, 245.355, -98.1103, 147.086, -490.235,
                        988.855, -990.183, 496.877, -172.325, 192.423,
                        -597.367, 1242.04, -1505.81, 1081.2, -173.993,
                        -445.23, 344.914, -119.427, 132.792, -411.743,
                        879.181, -1199.98, 920.737, -137.968, -173.864,
                        173.425, -384.836, 315.92, -113.843, 139.452,
                        -443.964, 731.405, -671.657, 820.224, -1014.24,
                        736.732, -797.69, 1059.03, -633.423, 167.164,
                        -137.733, 146.269, -89.8419, -16.9011, 190.779,
                        -199.55, -17.5785, 124.864, -19.5457, -98.6817,
                        102.939, -7.07546, -81.3041, 67.292, 9.63602,
                        -67.3837, 114.542, -140.426, 62.8769, 88.9185,
                        -175.551, 141.785, -65.0895, 43.073, -50.9524,
                        34.4865, -45.7437, 57.7383, 15.7905, -82.4559,
                        52.6999, -25.0104, 46.2305, -50.4381, 53.2546,
                        -58.8111, 4.09471, 47.8207, -30.8482, 18.4194,
                        -26.1768, 10.3658, 16.3499, -25.7551, 11.0041,
                        3.54846, 4.63618, -22.4828, 28.0309, -35.2456,
                        77.1164, -119.908, 100.878, -48.1381, 17.1849,
                        3.14107, -24.7352, 23.6014, 1.03765, -16.5353,
                        8.72023, 15.9964, -34.8655, 7.60835, 70.7961,
                        -137.684, 122.948, -70.3909, 57.7571, -56.6749,
                        30.9838, 1.83479, -28.4966, 57.3332, -56.6596,
                        -5.39638, 49.1464, -22.6701, -13.1534, 16.9791,
                        -9.29369, 15.5383, -20.324, 17.7139, -46.8925,
                        91.4107, -70.2407, -2.19381, 39.9125, -26.1145,
                        -32.408, 115.736, -142.893, 88.7603, -27.5846,
                        -8.22147, 27.2907, -1.96853, -50.4992, 67.1744,
                        -49.2011, 27.5947, -17.8208, 24.1246, -31.3581,
                        34.5269, -32.0592, 21.4668, -14.1233, 7.45203,
                        18.7008, -49.9189, 37.9176, 10.3133, -45.9559,
                        53.5542, -35.7377, 5.25942, 15.9858, -24.0181,
                        25.9936, -23.6414, 18.7582, -12.664, 1.77363,
                        1.9879, 25.6788, -74.6435, 99.5929, -82.363,
                        53.6144, -40.4401, 38.6699, -30.7677, 12.6328,
                        -2.42854, 7.42538, -15.4211, 15.6213, -10.2536,
                        9.40522, -8.52407, 2.79515, 2.53833, -5.02898,
                        -2.41411, 14.3061, -15.7917, 9.02135, -1.03396,
                        -1.98558, -5.7491, 19.1216, -29.3703, 36.7438,
                        -44.9389, 50.804, -48.811, 43.1868, -42.5739,
                        52.7, -63.3983, 48.6887, -35.6764, 61.3109,
                        -69.5183, 33.6598, -11.7193, 20.8047, -27.6914,
                        38.6424, -84.6129, 114.393, -76.7463, 23.1653,
                        1.33321, -14.2328, 35.5153, -67.4005, 85.4636,
                        -66.592, 52.3083, -66.958, 67.8971, -41.6342,
                        16.3782, -19.1289, 39.9735, -40.1389, 20.1058,
                        -1.04631, -14.2103, 21.8517, -18.0243, 7.35463,
                        0.80953, -0.401862, -2.92123, -3.98318, 15.7012,
                        -13.8631, 0.73601, 11.9228, -21.6732, 29.0628,
                        -39.355, 43.2403, -23.9166, 6.87933, -14.5029,
                        24.287, -23.2578, 25.5303, -38.6726, 36.5106,
                        -4.64656, -22.9524, 38.0381, -53.9248, 55.1582,
                        -42.8482, 36.1303, -28.93, 9.05147, 7.38021,
                        7.30743, -37.4846, 34.3832, -11.6547, 18.8736,
                        -41.3695, 47.0404, -43.2224, 45.2315, -50.7026,
                        39.4138, -6.17849, -19.0899, 14.4655, 5.2604,
                        -17.3202, 13.906, -0.148907, -4.38368, -19.2151,
                        44.7361, -27.9389, 16.7253, -60.0378, 73.0356,
                        -20.4284, -10.1819, -8.65955, 30.305, -29.3391,
                        6.67241, 35.4349, -82.5619, 97.7868, -76.6742,
                        46.2224, -24.4949, 18.5765, -2.37358, -25.4047,
                        34.0884, -33.8592, 36.6798, -34.4016, 27.3649,
                        -9.86722, -14.8621, 24.5074, -16.9264, -0.429147,
                        21.4117, -35.351, 48.6038, -63.6521, 64.4827,
                        -45.2431, 17.5012, 4.51376, -9.39297, -10.3916,
                        30.7462, -16.3704, -8.7128, 5.46316, 9.69728,
                        -12.9768, -1.8928, 39.7828, -87.9615, 109.448,
                        -68.1287, -4.74929, 41.9995, -40.9931, 31.9137,
                        -25.3273, 16.842, -6.68324, 17.9184, -51.1581,
                        67.3827, -53.1857, 25.2398, 2.03778, -19.1798,
                        23.7967, -18.297, 13.6954, -12.9275, 4.67281,
                        7.61852, -10.1925, 6.00385, -0.679078, -6.38758,
                        7.34477, -8.49551, 17.8915, -19.3785, 13.3185,
                        -13.4051, 14.6707, -15.2564, 17.2884, -9.22957,
                        -10.0384, 24.8561, -27.7879, 16.2799, -1.16372,
                        2.76698, -9.19913, 3.63292, 3.47176, -6.69196,
                        4.71413, 3.31458, -4.53714, -0.563448, 1.0233,
                        3.52839, -14.0191, 25.6098, -29.5841, 26.1986,
                        -16.48, 3.53678, 5.64682, -10.9909, 12.0537,
                        -8.3559, 5.89532, 1.19837, -16.7178, 25.8604,
                        -22.5268, 12.5695, -2.82723, -1.09977, 3.89619,
                        -10.1143, 12.2812, -5.84502, -3.06501, 8.5878,
                        -6.91, 0.99409, -1.1348, 7.11797, -7.13618,
                        -1.40831, 6.40756, -1.94924, -2.7804, 1.96345,
                        -5.64998, 13.6684, -12.8463, 8.58234, -8.09346,
                        7.19606, -6.4998, 7.38333, -9.09388, 11.4233,
                        -12.4016, 11.7787, -10.493, 8.98701, -13.5857,
                        24.9643, -27.5701, 18.0973, -12.0386, 6.51814,
                        5.59145, -10.9622, 11.1453, -17.8021, 24.8287,
                        -23.8739, 9.85586, 12.2044, -23.4186, 18.1893,
                        -8.14501, 0.347587, 3.98297, 0.0915358, -9.12744,
                        15.1818, -20.3095, 15.5146, -0.178219, -3.51371,
                        -3.30825, 4.03454, -2.66157, 9.92533, -21.1938,
                        23.1256, -8.86398, -13.9831, 27.3581, -22.3735,
                        8.50362, 2.4478, -6.66542, 4.08449, -0.955961,
                        2.10667, -0.270466, -9.18638, 17.6667, -16.2265,
                        7.50015, 2.32647, -7.09537, -0.67944, 15.6607,
                        -19.5555, 8.88794, -2.80019, 4.62897, -2.19837,
                        3.07471, -15.4297, 21.6833, -6.46093, -17.8009,
                        30.7837, -26.5918, 20.1926, -23.4603, 22.8445,
                        -9.17092, -3.2145, 6.19013, -10.0545, 13.7447,
                        -8.03203, 1.05317, -0.663181, 5.51843, -12.9137,
                        14.8523, -10.1385, 3.63421, 2.29991, -5.32457,
                        7.93899, -11.9324, 13.0259, -8.25436, 0.764599,
                        4.47802, -6.31402, 4.08087, 4.24233, -12.0355,
                        10.2788, -6.45565, 5.294, 0.146481, -1.21103,
                        -9.01354, 14.6531, -7.10198, -6.16764, 20.0047,
                        -27.4487, 18.1639, 3.19182, -15.3637, 8.80621,
                        3.87749, -13.3267, 17.0547, -13.8413, 8.64144,
                        -3.28974, 0.0777437, -1.83059, 1.0009, 5.16616,
                        -6.07306, -1.29498, 5.23289, -1.49491, -0.333082,
                        -1.18632, 0.562997, 0.860215, -4.34906, 11.2625,
                        -11.597, -3.59502, 23.514, -29.614, 20.2165,
                        -3.07877, -14.6611, 26.3393, -25.5915, 9.61086,
                        7.25066, -11.9043, 9.41648, -6.33582, 1.9526,
                        6.99717, -12.0681, 5.06629, 1.70626, -0.243166,
                        0.527569, -4.59181, 2.3483, 8.69959, -20.4285,
                        24.4511, -17.2263, 0.400467, 14.2922, -14.1276,
                        3.5238, 4.33821, -4.4334, 0.84065, 1.66762,
                        -5.297, 9.95962, -10.4676, 8.42297, -4.58038,
                        -2.20894, 5.37864, -4.22351, 5.76558, -8.24188,
                        8.63467, -9.06233, 9.00715, -11.1512, 13.061,
                        -4.64365, -6.09997, 8.90639, -10.3168, 13.1961,
                        -14.2791, 7.11964, 10.5548, -25.1006, 24.784,
                        -11.1799, -5.11001, 10.3289, -2.12968, -8.48826,
                        9.94487, -1.85791, -7.23538, 7.39792, 4.6868,
                        -19.8234, 29.2805, -28.0296, 14.7736, -3.85987,
                        4.55651, -7.85144, 13.0532, -22.619, 25.6783,
                        -20.0843, 12.9022, -0.0580538, -16.3246, 22.1965,
                        -15.3904, 4.05016, 7.40677, -15.8906, 14.7994,
                        -4.42936, 0.659257, -8.7201, 6.53671, 10.1359,
                        -17.2106, 8.72666, 3.65675, -11.2092, 9.55788,
                        -1.90311, -8.08, 19.1282, -25.12, 21.7278,
                        -14.1846, 8.82218, -0.610225, -12.5724, 15.831,
                        -4.02277, -11.8139, 21.4907, -9.9347, -20.2348,
                        37.121, -29.9923, 11.0207, 9.12664, -15.292,
                        10.2338, -9.43413, 12.9058, -14.3449, 7.24416,
                        7.84525, -15.7867, 8.4903, 2.85748, -9.77674,
                        16.8421, -21.3521, 12.7344, 0.123001, 0.844819,
                        -11.073, 12.4596, -0.343792, -13.9059, 23.3105,
                        -25.8268, 14.8861, 4.30566, -15.8575, 15.8111,
                        -11.9406, 8.8147, -5.6124, 2.02182, 0.286586,
                        0.406922, -1.91311, -2.51481, 13.5318, -18.7162,
                        13.0566, -3.61234, -7.89597, 14.4878, -5.66492,
                        -9.1882, 17.3394, -17.8302, 7.69442, 5.29791,
                        -13.3515, 23.4993, -26.2823, 13.9431, -3.80662,
                        3.43276, -4.52912, 4.32841, -2.85746, 2.3219,
                        -2.32193, -4.05389, 9.03076, -1.55643, -11.6572,
                        21.1072, -25.5559, 28.9126, -32.8701, 28.4115,
                        -12.7538, 4.15473, -5.57622, 4.60738, -5.36232,
                        5.35268, 3.32257, -12.4722, 13.3656, -4.49893,
                        -5.2809, 5.91011, -1.2228, -2.97354, 6.47803,
                        -6.95934, 1.89952, 3.4174, -2.71551, -3.73492,
                        15.5652, -32.2746, 46.3424, -47.631, 32.7548,
                        -13.155, 9.14189, -16.0316, 11.4289, -1.87738,
                        4.70012, -17.8368, 36.5646, -46.3193, 27.5273,
                        -1.27401, -1.93789, -5.96557, 8.52074, -8.46595,
                        6.11416, 0.641299, -0.640554, -14.6874, 29.4844,
                        -31.5244, 28.5548, -22.8207, -22.8207, 0.0464102 };
   int klow=0;
   if(x<=fXmin) klow=0;
   else if(x>=fXmax) klow=fNp-1;
   else {
     if(fKstep) {
       // Equidistant knots, use histogramming
       klow = int((x-fXmin)/fDelta);
       if (klow < fNp-1) klow = fNp-1;
     } else {
       int khig=fNp-1, khalf;
       // Non equidistant knots, binary search
       while(khig-klow>1)
         if(x>fX[khalf=(klow+khig)/2]) klow=khalf;
         else khig=khalf;
     }
   }
   // Evaluate now
   double dx=x-fX[klow];
   return (fY[klow]+dx*(fB[klow]+dx*(fC[klow]+dx*fD[klow])));
}
