double /scratch8/ge37liw/workingspace/exp_s455/my_macros/twim_calibration_docu/parameters/spline_sec_0_anode_11(double x) {
   const int fNp = 1100, fKstep = 0;
   const double fDelta = -1, fXmin = 0.05, fXmax = 109.95;
   const double fX[1100] = { 0.05, 0.15, 0.25, 0.35, 0.45,
                        0.55, 0.65, 0.75, 0.85, 0.95,
                        1.05, 1.15, 1.25, 1.35, 1.45,
                        1.55, 1.65, 1.75, 1.85, 1.95,
                        2.05, 2.15, 2.25, 2.35, 2.45,
                        2.55, 2.65, 2.75, 2.85, 2.95,
                        3.05, 3.15, 3.25, 3.35, 3.45,
                        3.55, 3.65, 3.75, 3.85, 3.95,
                        4.05, 4.15, 4.25, 4.35, 4.45,
                        4.55, 4.65, 4.75, 4.85, 4.95,
                        5.05, 5.15, 5.25, 5.35, 5.45,
                        5.55, 5.65, 5.75, 5.85, 5.95,
                        6.05, 6.15, 6.25, 6.35, 6.45,
                        6.55, 6.65, 6.75, 6.85, 6.95,
                        7.05, 7.15, 7.25, 7.35, 7.45,
                        7.55, 7.65, 7.75, 7.85, 7.95,
                        8.05, 8.15, 8.25, 8.35, 8.45,
                        8.55, 8.65, 8.75, 8.85, 8.95,
                        9.05, 9.15, 9.25, 9.35, 9.45,
                        9.55, 9.65, 9.75, 9.85, 9.95,
                        10.05, 10.15, 10.25, 10.35, 10.45,
                        10.55, 10.65, 10.75, 10.85, 10.95,
                        11.05, 11.15, 11.25, 11.35, 11.45,
                        11.55, 11.65, 11.75, 11.85, 11.95,
                        12.05, 12.15, 12.25, 12.35, 12.45,
                        12.55, 12.65, 12.75, 12.85, 12.95,
                        13.05, 13.15, 13.25, 13.35, 13.45,
                        13.55, 13.65, 13.75, 13.85, 13.95,
                        14.05, 14.15, 14.25, 14.35, 14.45,
                        14.55, 14.65, 14.75, 14.85, 14.95,
                        15.05, 15.15, 15.25, 15.35, 15.45,
                        15.55, 15.65, 15.75, 15.85, 15.95,
                        16.05, 16.15, 16.25, 16.35, 16.45,
                        16.55, 16.65, 16.75, 16.85, 16.95,
                        17.05, 17.15, 17.25, 17.35, 17.45,
                        17.55, 17.65, 17.75, 17.85, 17.95,
                        18.05, 18.15, 18.25, 18.35, 18.45,
                        18.55, 18.65, 18.75, 18.85, 18.95,
                        19.05, 19.15, 19.25, 19.35, 19.45,
                        19.55, 19.65, 19.75, 19.85, 19.95,
                        20.05, 20.15, 20.25, 20.35, 20.45,
                        20.55, 20.65, 20.75, 20.85, 20.95,
                        21.05, 21.15, 21.25, 21.35, 21.45,
                        21.55, 21.65, 21.75, 21.85, 21.95,
                        22.05, 22.15, 22.25, 22.35, 22.45,
                        22.55, 22.65, 22.75, 22.85, 22.95,
                        23.05, 23.15, 23.25, 23.35, 23.45,
                        23.55, 23.65, 23.75, 23.85, 23.95,
                        24.05, 24.15, 24.25, 24.35, 24.45,
                        24.55, 24.65, 24.75, 24.85, 24.95,
                        25.05, 25.15, 25.25, 25.35, 25.45,
                        25.55, 25.65, 25.75, 25.85, 25.95,
                        26.05, 26.15, 26.25, 26.35, 26.45,
                        26.55, 26.65, 26.75, 26.85, 26.95,
                        27.05, 27.15, 27.25, 27.35, 27.45,
                        27.55, 27.65, 27.75, 27.85, 27.95,
                        28.05, 28.15, 28.25, 28.35, 28.45,
                        28.55, 28.65, 28.75, 28.85, 28.95,
                        29.05, 29.15, 29.25, 29.35, 29.45,
                        29.55, 29.65, 29.75, 29.85, 29.95,
                        30.05, 30.15, 30.25, 30.35, 30.45,
                        30.55, 30.65, 30.75, 30.85, 30.95,
                        31.05, 31.15, 31.25, 31.35, 31.45,
                        31.55, 31.65, 31.75, 31.85, 31.95,
                        32.05, 32.15, 32.25, 32.35, 32.45,
                        32.55, 32.65, 32.75, 32.85, 32.95,
                        33.05, 33.15, 33.25, 33.35, 33.45,
                        33.55, 33.65, 33.75, 33.85, 33.95,
                        34.05, 34.15, 34.25, 34.35, 34.45,
                        34.55, 34.65, 34.75, 34.85, 34.95,
                        35.05, 35.15, 35.25, 35.35, 35.45,
                        35.55, 35.65, 35.75, 35.85, 35.95,
                        36.05, 36.15, 36.25, 36.35, 36.45,
                        36.55, 36.65, 36.75, 36.85, 36.95,
                        37.05, 37.15, 37.25, 37.35, 37.45,
                        37.55, 37.65, 37.75, 37.85, 37.95,
                        38.05, 38.15, 38.25, 38.35, 38.45,
                        38.55, 38.65, 38.75, 38.85, 38.95,
                        39.05, 39.15, 39.25, 39.35, 39.45,
                        39.55, 39.65, 39.75, 39.85, 39.95,
                        40.05, 40.15, 40.25, 40.35, 40.45,
                        40.55, 40.65, 40.75, 40.85, 40.95,
                        41.05, 41.15, 41.25, 41.35, 41.45,
                        41.55, 41.65, 41.75, 41.85, 41.95,
                        42.05, 42.15, 42.25, 42.35, 42.45,
                        42.55, 42.65, 42.75, 42.85, 42.95,
                        43.05, 43.15, 43.25, 43.35, 43.45,
                        43.55, 43.65, 43.75, 43.85, 43.95,
                        44.05, 44.15, 44.25, 44.35, 44.45,
                        44.55, 44.65, 44.75, 44.85, 44.95,
                        45.05, 45.15, 45.25, 45.35, 45.45,
                        45.55, 45.65, 45.75, 45.85, 45.95,
                        46.05, 46.15, 46.25, 46.35, 46.45,
                        46.55, 46.65, 46.75, 46.85, 46.95,
                        47.05, 47.15, 47.25, 47.35, 47.45,
                        47.55, 47.65, 47.75, 47.85, 47.95,
                        48.05, 48.15, 48.25, 48.35, 48.45,
                        48.55, 48.65, 48.75, 48.85, 48.95,
                        49.05, 49.15, 49.25, 49.35, 49.45,
                        49.55, 49.65, 49.75, 49.85, 49.95,
                        50.05, 50.15, 50.25, 50.35, 50.45,
                        50.55, 50.65, 50.75, 50.85, 50.95,
                        51.05, 51.15, 51.25, 51.35, 51.45,
                        51.55, 51.65, 51.75, 51.85, 51.95,
                        52.05, 52.15, 52.25, 52.35, 52.45,
                        52.55, 52.65, 52.75, 52.85, 52.95,
                        53.05, 53.15, 53.25, 53.35, 53.45,
                        53.55, 53.65, 53.75, 53.85, 53.95,
                        54.05, 54.15, 54.25, 54.35, 54.45,
                        54.55, 54.65, 54.75, 54.85, 54.95,
                        55.05, 55.15, 55.25, 55.35, 55.45,
                        55.55, 55.65, 55.75, 55.85, 55.95,
                        56.05, 56.15, 56.25, 56.35, 56.45,
                        56.55, 56.65, 56.75, 56.85, 56.95,
                        57.05, 57.15, 57.25, 57.35, 57.45,
                        57.55, 57.65, 57.75, 57.85, 57.95,
                        58.05, 58.15, 58.25, 58.35, 58.45,
                        58.55, 58.65, 58.75, 58.85, 58.95,
                        59.05, 59.15, 59.25, 59.35, 59.45,
                        59.55, 59.65, 59.75, 59.85, 59.95,
                        60.05, 60.15, 60.25, 60.35, 60.45,
                        60.55, 60.65, 60.75, 60.85, 60.95,
                        61.05, 61.15, 61.25, 61.35, 61.45,
                        61.55, 61.65, 61.75, 61.85, 61.95,
                        62.05, 62.15, 62.25, 62.35, 62.45,
                        62.55, 62.65, 62.75, 62.85, 62.95,
                        63.05, 63.15, 63.25, 63.35, 63.45,
                        63.55, 63.65, 63.75, 63.85, 63.95,
                        64.05, 64.15, 64.25, 64.35, 64.45,
                        64.55, 64.65, 64.75, 64.85, 64.95,
                        65.05, 65.15, 65.25, 65.35, 65.45,
                        65.55, 65.65, 65.75, 65.85, 65.95,
                        66.05, 66.15, 66.25, 66.35, 66.45,
                        66.55, 66.65, 66.75, 66.85, 66.95,
                        67.05, 67.15, 67.25, 67.35, 67.45,
                        67.55, 67.65, 67.75, 67.85, 67.95,
                        68.05, 68.15, 68.25, 68.35, 68.45,
                        68.55, 68.65, 68.75, 68.85, 68.95,
                        69.05, 69.15, 69.25, 69.35, 69.45,
                        69.55, 69.65, 69.75, 69.85, 69.95,
                        70.05, 70.15, 70.25, 70.35, 70.45,
                        70.55, 70.65, 70.75, 70.85, 70.95,
                        71.05, 71.15, 71.25, 71.35, 71.45,
                        71.55, 71.65, 71.75, 71.85, 71.95,
                        72.05, 72.15, 72.25, 72.35, 72.45,
                        72.55, 72.65, 72.75, 72.85, 72.95,
                        73.05, 73.15, 73.25, 73.35, 73.45,
                        73.55, 73.65, 73.75, 73.85, 73.95,
                        74.05, 74.15, 74.25, 74.35, 74.45,
                        74.55, 74.65, 74.75, 74.85, 74.95,
                        75.05, 75.15, 75.25, 75.35, 75.45,
                        75.55, 75.65, 75.75, 75.85, 75.95,
                        76.05, 76.15, 76.25, 76.35, 76.45,
                        76.55, 76.65, 76.75, 76.85, 76.95,
                        77.05, 77.15, 77.25, 77.35, 77.45,
                        77.55, 77.65, 77.75, 77.85, 77.95,
                        78.05, 78.15, 78.25, 78.35, 78.45,
                        78.55, 78.65, 78.75, 78.85, 78.95,
                        79.05, 79.15, 79.25, 79.35, 79.45,
                        79.55, 79.65, 79.75, 79.85, 79.95,
                        80.05, 80.15, 80.25, 80.35, 80.45,
                        80.55, 80.65, 80.75, 80.85, 80.95,
                        81.05, 81.15, 81.25, 81.35, 81.45,
                        81.55, 81.65, 81.75, 81.85, 81.95,
                        82.05, 82.15, 82.25, 82.35, 82.45,
                        82.55, 82.65, 82.75, 82.85, 82.95,
                        83.05, 83.15, 83.25, 83.35, 83.45,
                        83.55, 83.65, 83.75, 83.85, 83.95,
                        84.05, 84.15, 84.25, 84.35, 84.45,
                        84.55, 84.65, 84.75, 84.85, 84.95,
                        85.05, 85.15, 85.25, 85.35, 85.45,
                        85.55, 85.65, 85.75, 85.85, 85.95,
                        86.05, 86.15, 86.25, 86.35, 86.45,
                        86.55, 86.65, 86.75, 86.85, 86.95,
                        87.05, 87.15, 87.25, 87.35, 87.45,
                        87.55, 87.65, 87.75, 87.85, 87.95,
                        88.05, 88.15, 88.25, 88.35, 88.45,
                        88.55, 88.65, 88.75, 88.85, 88.95,
                        89.05, 89.15, 89.25, 89.35, 89.45,
                        89.55, 89.65, 89.75, 89.85, 89.95,
                        90.05, 90.15, 90.25, 90.35, 90.45,
                        90.55, 90.65, 90.75, 90.85, 90.95,
                        91.05, 91.15, 91.25, 91.35, 91.45,
                        91.55, 91.65, 91.75, 91.85, 91.95,
                        92.05, 92.15, 92.25, 92.35, 92.45,
                        92.55, 92.65, 92.75, 92.85, 92.95,
                        93.05, 93.15, 93.25, 93.35, 93.45,
                        93.55, 93.65, 93.75, 93.85, 93.95,
                        94.05, 94.15, 94.25, 94.35, 94.45,
                        94.55, 94.65, 94.75, 94.85, 94.95,
                        95.05, 95.15, 95.25, 95.35, 95.45,
                        95.55, 95.65, 95.75, 95.85, 95.95,
                        96.05, 96.15, 96.25, 96.35, 96.45,
                        96.55, 96.65, 96.75, 96.85, 96.95,
                        97.05, 97.15, 97.25, 97.35, 97.45,
                        97.55, 97.65, 97.75, 97.85, 97.95,
                        98.05, 98.15, 98.25, 98.35, 98.45,
                        98.55, 98.65, 98.75, 98.85, 98.95,
                        99.05, 99.15, 99.25, 99.35, 99.45,
                        99.55, 99.65, 99.75, 99.85, 99.95,
                        100.05, 100.15, 100.25, 100.35, 100.45,
                        100.55, 100.65, 100.75, 100.85, 100.95,
                        101.05, 101.15, 101.25, 101.35, 101.45,
                        101.55, 101.65, 101.75, 101.85, 101.95,
                        102.05, 102.15, 102.25, 102.35, 102.45,
                        102.55, 102.65, 102.75, 102.85, 102.95,
                        103.05, 103.15, 103.25, 103.35, 103.45,
                        103.55, 103.65, 103.75, 103.85, 103.95,
                        104.05, 104.15, 104.25, 104.35, 104.45,
                        104.55, 104.65, 104.75, 104.85, 104.95,
                        105.05, 105.15, 105.25, 105.35, 105.45,
                        105.55, 105.65, 105.75, 105.85, 105.95,
                        106.05, 106.15, 106.25, 106.35, 106.45,
                        106.55, 106.65, 106.75, 106.85, 106.95,
                        107.05, 107.15, 107.25, 107.35, 107.45,
                        107.55, 107.65, 107.75, 107.85, 107.95,
                        108.05, 108.15, 108.25, 108.35, 108.45,
                        108.55, 108.65, 108.75, 108.85, 108.95,
                        109.05, 109.15, 109.25, 109.35, 109.45,
                        109.55, 109.65, 109.75, 109.85, 109.95 };
   const double fY[1100] = { 0, 0, 0, 0, 0,
                        0, 0, 0.12, 0, 0,
                        0, 0.125, 0, 0, 0.125,
                        0, 0, 0, 0, 0,
                        0, 0, 0, 0, 0,
                        0, 0, 0, 0, 0,
                        0, 0, 0.095, 0, 0,
                        0, 0, 0, 0, 0,
                        0, 0, 0, 0, 0.095,
                        0.085, 0, 0, 0, 0,
                        0, 0, 0.075, 0, 0,
                        0, 0, 0, 0, 0.105,
                        0, 0.235, 0, 0, 0,
                        0, 0.105, 0, 0, 0.095,
                        0, 0, 0, 0.095, 0.225,
                        0, 0, 0, 0, 0,
                        0, 0, 0.115, 0.105, 0,
                        0, 0, 0, 0, 0,
                        0, 0, 0, 0, 0,
                        0.075, 0, 0.095, 0.09, 0.085,
                        0, 0, 0, 0.105, 0,
                        0, 0.09, 0, 0, 0,
                        0, 0, 0, 0, 0,
                        0, 0, 0, 0, 0,
                        0, 0, 0, 0, 0,
                        0, 0.105, 0, 0.125, 0.075,
                        0, 0, 0, 0, 0,
                        0, 0, 0, 0, 0,
                        0.145, 0, 0, 0.105, 0,
                        0, 0, 0, 0, 0,
                        0.065, 0, 0, 0, 0,
                        0.065, 0, 0, 0, 0,
                        0.125, 0, 0, -4.195, 0,
                        0, 0, 0, 0, 0,
                        0, 0, 0, 0, 0,
                        0.065, 0.095, 0.125, 0.07, 0,
                        0, 0, 0, 0.155, 0,
                        0, 0.095, 0, 0, 0,
                        0.095, 0.065, 0.085, 0, 0,
                        0, 0, 0, 0, 0,
                        0.185, 0.085, 0, 0.145, 0.0725,
                        0.035, 0, 0, 0.075, 0.085,
                        0.065, 0.05, 0.055, 0, 0,
                        0.09, 0.075, 0.075, 0.0783333, 0.0766667,
                        0.0678571, 0.075, 0.0783333, 0.0725, 0.105,
                        0.0716667, 0.07625, 0.067, 0.127, 0.063,
                        0.07, 0.061, 0.0666667, 0.06, 0.06,
                        0.06, 0.065, 0.08, 0.075, 0.0725,
                        0.059, 0.0583333, 0.07375, 0.0625, 0.0675,
                        0.06, 0.0678571, 0.085, 0.06, 0.0733333,
                        0.0683333, -0.16625, 0.072, 0.0705556, 0.0725,
                        0.0675, 0.0733333, 0.0583333, 0.062, 0.055,
                        0.0625, 0.065, 0.0705556, 0.0742857, 0.0625,
                        0.0722727, 0.0578571, 0.0680769, 0.0611538, 0.0672222,
                        0.0627778, 0.0666667, 0.0690909, 0.0692857, 0.0780769,
                        0.0564286, 0.0664286, 0.0721429, 0.0565385, 0.0561765,
                        0.0656667, 0.0644444, 0.0566667, 0.0636667, 0.0614286,
                        0.0534211, 0.054375, 0.0641304, 0.0614286, 0.0543333,
                        0.0666667, 0.0575, 0.0565789, 0.0591176, 0.0687037,
                        0.057, 0.0592857, 0.065, 0.0627778, 0.0584483,
                        -0.108333, 0.0610714, 0.064, 0.0578571, 0.0607692,
                        0.0578571, 0.0572222, 0.0575, 0.0585714, 0.0528261,
                        0.055, 0.0579167, 0.056, 0.0571739, 0.0593333,
                        0.055, 0.053125, 0.0583333, 0.0581818, 0.0539189,
                        0.053, 0.0580556, 0.0542308, 0.0633333, 0.0546,
                        0.0553125, 0.0547059, 0.0534615, 0.0570588, 0.0544444,
                        -0.0120588, 0.0592857, 0.051, 0.0511364, 0.0580556,
                        0.0528125, 0.0529545, 0.0489394, 0.0479412, 0.0519565,
                        0.0540698, 0.0532609, 0.049186, 0.0492424, -0.0125676,
                        0.0489535, -0.0197059, 0.0539286, 0.051, 0.0588462,
                        0.0493182, 0.0494828, 0.0541892, 0.0503488, 0.049186,
                        0.0530556, 0.00522222, 0.0494186, 0.0497368, 0.0495946,
                        0.0475, 0.0514286, 0.0475, 0.0486667, 0.0514,
                        0.045, 0.048, 0.0406098, -0.00714286, 0.0452564,
                        0.04625, 0.0467647, 0.0466667, 0.0420588, 0.0445745,
                        0.049, 0.0486585, 0.0458333, 0.05125, 0.045,
                        0.0430488, 0.0453448, 0.0488636, 0.0477027, 0.05625,
                        0.0476471, 0.0414103, 0.0408537, 0.0414103, 0.0413415,
                        0.0408537, 0.0432222, 0.0468919, 0.045, 0.0390625,
                        0.0405172, 0.0425676, 0.0456522, -0.0147674, 0.045,
                        0.04075, 0.0447368, 0.090102, 0.0376316, 0.0352632,
                        0.0383962, 0.044, 0.0366216, 0.0416667, 0.04075,
                        0.0406098, 0.0379545, 0.0411702, 0.0366129, 0.0395946,
                        0.0426316, 0.0383333, 0.0382353, 0.0432222, 0.0383333,
                        0.0382432, 0.0388235, -0.0169512, 0.0344737, 0.039359,
                        0.039, 0.0384783, 0.0382653, 0.0370513, 0.0352564,
                        0.0392857, 0.0321053, 0.0397368, 0.0362, 0.0352564,
                        0.0373404, 0.0365, 0.04325, 0.03725, 0.033,
                        0.0388235, 0.0346, 0.0316667, 0.0392222, 0.0375641,
                        0.0308929, 0.0371212, -0.0355128, -0.0186957, 0.0326,
                        0.0332979, -0.0595, 0.0326923, 0.0337273, -0.0310526,
                        0.0344444, 0.0357895, 0.033, 0.0276667, 0.0309574,
                        0.0359259, 0.0377451, 0.0337805, 0.0338095, 0.12619,
                        0.0338889, 0.0254651, -0.0860811, 0.0322727, 0.0348276,
                        -0.045, 0.0395455, 0.0308, -0.00753968, 0.0285417,
                        0.0295763, 0.0271429, 0.0303191, 0.030625, 0.0941379,
                        0.0316667, 0.0310377, 0.0304386, 0.035, 0.0281148,
                        0.02625, 0.0277778, 0.0280882, 0.0280769, 0.0306863,
                        0.0281746, 0.0297692, 0.0282075, 0.0303571, 0.0313265,
                        0.0272034, 0.0267949, 0.0289063, 0.029, 0.0263846,
                        0.0308228, 0.03, 0.027037, 0.0248684, 0.0289744,
                        0.0263699, 0.0281707, 0.0239041, 0.0255797, 0.0253125,
                        0.025274, 0.0265385, 0.026129, 0.0280556, 0.0285714,
                        0.0225342, 0.0265278, 0.0235507, 0.0244937, 0.0264754,
                        0.0238889, 0.0275581, 0.0252273, 0.0258602, 0.0252597,
                        0.0226923, -0.00725806, 0.023617, 0.0225455, 0.0226923,
                        0.0249029, -0.00289474, 0.0243103, 0.0259615, 0.0260377,
                        0.0231, 0.025, 0.0204545, 0.0216327, 0.0214035,
                        0.0240196, 0.0216038, 0.0214356, 0.0252703, 0.0226577,
                        0.0212222, 0.0205046, 0.0232075, 0.0243684, 0.0226786,
                        0.0203175, 0.0197863, 0.0207813, 0.0280894, 0.0550709,
                        0.0196377, 0.0184351, 0.0209167, 0.0170455, 0.0210741,
                        0.0166216, 0.0189231, 0.0187736, 0.0181788, 0.0161972,
                        0.0177027, 0.0169531, 0.01875, 0.0168919, 0.0210952,
                        0.0234932, 0.017236, 0.0174444, 0.0172148, 0.0179697,
                        0.0288462, 0.01725, 0.0215497, 0.0188537, 0.0408378,
                        0.0153175, 0.0187895, 0.0193716, 0.0167647, 0.0184066,
                        0.0178959, 0.0226768, 0.0172449, 0.0196078, 0.0179208,
                        0.0167561, 0.0165888, 0.0157487, 0.0156383, 0.0157944,
                        0.017823, -0.0012766, 0.0173316, 0.0152062, 0.0143333,
                        0.0142737, 0.0151878, 0.0133673, 0.0134483, 0.00195279,
                        0.0549156, 0.0122764, 0.0142105, 0.0116234, 0.0115678,
                        0.0136695, 0.0124793, 0.0288627, 0.0132041, 0.0108755,
                        0.0116532, 0.0274907, 0.0243089, 0.011811, 0.0109055,
                        -0.00259542, 0.0122519, 0.0326829, 0.0123047, 0.0109259,
                        0.0102518, 0.0268505, 0.0116807, -0.00122047, 0.0251838,
                        0.000335689, 0.0127083, 0.0106818, 0.0101145, 0.0106655,
                        0.0111801, 0.0110396, 0.0109233, 0.0214751, 0.00861702,
                        0.0106575, 0.0228502, 0.000808383, 0.00674556, 0.00871134,
                        0.00766436, 0.00917178, 0.00788961, 0.0216361, 0.00696013,
                        -0.00823718, 0.00452206, 0.0077907, 0.0103659, 0.00723097,
                        0.00582353, 0.00833333, -0.0140504, 0.00853125, 0.00367816,
                        -0.00274648, 0.00619241, 0.00751366, 0.0102958, 0.00590909,
                        0.00790816, 0.005225, 0.00491643, 0.0042033, 0.00608824,
                        0.0025, 0.0090056, 0.0142112, 0.00446292, 0.015442,
                        -0.00467914, -0.00230978, 0.0439521, 0.00745333, 0.00339009,
                        0.00511869, -0.0154293, -0.0209148, 0.00420844, 0.0299176,
                        0.00301034, -0.0197549, 0.0141972, 0.00283482, 0.00279793,
                        0.00188654, 0.00335476, 0.00148193, 0.0153867, 0.00211538,
                        0.01634, -0.00527638, 0.000871314, 0.00155172, 0.0134536,
                        0.00140669, 0.00614973, 0.00259591, -0.0250526, 0.00149215,
                        -0.00805263, -0.00785714, -0.01633, 0.000252747, 0.000646438,
                        0.000585586, -0.00180095, -0.00806265, -0.00867713, -0.00143498,
                        -0.000523385, -0.00209924, 0.000486936, -0.00748908, 0.00268889,
                        -0.000558195, -0.00899577, -0.00259524, -0.0103995, -0.000770171,
                        -0.00756345, 0.000811138, -0.00137188, -0.00203883, -0.00951531,
                        -0.00299043, 0.00622195, -0.00114251, -0.0205703, 0.0077193,
                        -0.0143787, -0.0020297, -0.0111951, -0.00209328, -0.0104916,
                        -0.00278013, -0.00279249, -0.00455556, -0.00354839, 0.0087961,
                        0.00324444, -0.00463415, 0.005, -0.00348276, -0.0038196,
                        -0.00506772, -0.00381395, -0.00299136, -0.00367749, -0.00342825,
                        -0.00433045, -0.00393671, -0.00364608, -0.00140199, 0.0142396,
                        -0.00432203, -0.00513055, -0.00455257, -0.0124458, -0.0132217,
                        -0.00183258, 0.00493166, -0.00518059, -0.004801, -0.00457173,
                        -0.00358974, -0.00545872, -0.00552288, -0.00585973, -0.00476581,
                        -0.00489201, -0.00663972, 0.00893103, -0.00360911, 0.00546358,
                        -0.0121463, 0.00418719, -0.0130401, -0.00825112, -0.00468085,
                        0.0136321, -0.00495238, 0.00509174, 0.00139687, -0.0165152,
                        0.00140476, -0.00526379, -0.0165931, -0.00715827, -0.00862416,
                        -0.0159368, -0.0069863, -0.00771399, -0.00746753, -0.0143187,
                        -0.0063285, -0.00768116, -0.0158495, -0.00855658, -0.00754237,
                        -0.000583524, -0.0192929, -0.00864896, -0.0077685, -0.00674757,
                        -0.0174384, -0.00438967, -0.0278084, -0.00837731, -0.016139,
                        -0.00804147, -0.00908353, -0.00827982, -0.00797767, -0.00759953,
                        -0.00544226, -2.35849e-05, -0.00965649, -0.00486425, -0.0169951,
                        -0.0151471, -0.0173697, -0.00692857, -0.00825527, -0.00760101,
                        -0.00582569, -0.00714123, -0.00616279, -0.00669725, -0.00597448,
                        -0.00717593, -0.0173514, -0.0159557, -0.0075, -0.0167838,
                        -0.00825137, -0.00741935, -0.00781984, -0.00707447, -0.00774005,
                        -0.00700521, -0.00717822, -0.00833333, -0.00809045, -0.00925197,
                        -0.00679487, -0.0173097, -0.0163144, -0.00817136, -0.0241019,
                        -0.0130214, -0.00792804, -0.00702326, -0.019169, -0.0195283,
                        -0.00647287, -0.00762873, -0.00764198, -0.00806701, -0.00872372,
                        -0.015799, -0.0176166, -0.00589918, -0.0167414, -0.00644022,
                        -0.0133756, -0.00697222, -0.00641772, -0.0185616, -0.026125,
                        -0.00643577, -0.00974934, -0.00557402, -0.00339888, 0.00772494,
                        0.00619048, -0.00361111, -0.00502519, -0.00545564, -0.00354545,
                        -0.00392562, -0.00415789, -0.0169619, -0.0055291, 0.00345304,
                        -0.00469136, -0.00492105, -0.00619048, -0.00311828, -0.00426582,
                        -0.0025188, -0.00454674, 1.25313e-05, -0.00384932, 0.00784153,
                        -0.00378378, -0.00380711, -0.00486877, -0.00171388, -0.00317337,
                        -0.013, -0.0019171, -0.00481723, -0.00218204, -0.0143842,
                        -0.0110929, 0.00200252, -0.0019337, -0.000338983, -0.00183891,
                        0.000833333, -0.0014058, -0.0118611, -0.0208881, -0.00103825,
                        0.00158263, -0.00870968, 0.00145833, 0.000609137, -0.00144578,
                        0.00139205, 0.00361035, -0.0219325, 0.00136103, -0.00944142,
                        0.00222063, -0.00505333, -0.00677778, -0.010132, 0.00410941,
                        -0.00866883, -0.0191333, 0.00528986, -0.00647493, 0.0157932,
                        -0.0047191, 0.00734783, -0.00615385, -0.0075, 0.00907595,
                        -0.00920118, 0.00431343, -0.00438953, 0.0062381, 0.00862573,
                        0.00744898, 0.00849254, 0.00936464, 0.010082, 0.0103521,
                        0.00933898, -0.000923754, 0.00950161, -0.00371345, 0.0104755,
                        0.012563, 0.0114246, -0.00295858, 0.0111585, 0.0113265,
                        0.0162353, 0.0110897, 0.0151881, 0.0155537, 0.0140301,
                        0.014404, 0.0167091, 0.0189571, 0.0166376, 0.0146296,
                        0.0164474, 0.00573427, 0.0193345, 0.0199832, 0.018321,
                        0.0189535, 0.020979, 0.0196855, 0.0195066, 0.00794915,
                        0.022, 0.00646758, 0.0230756, 0.00801818, 0.0224552,
                        0.0256667, 0.0263821, 0.0263944, 0.0242105, 0.026753,
                        0.0337838, 0.0275573, 0.026789, 0.0151493, 0.0269767,
                        0.0286364, 0.0297479, 0.0301724, 0.0294915, 0.0315094,
                        0.0317059, 0.0308095, 0.0331667, 0.0357631, 0.029556,
                        0.0519068, 0.0353365, 0.0139744, 0.0355612, 0.0378151,
                        0.0361297, 0.017973, 0.03608, 0.0391004, 0.0382917,
                        0.0391176, 0.0404018, 0.040787, 0.0421429, 0.0416929,
                        0.0314486, 0.0428059, 0.0533262, 0.0273707, 0.0458756,
                        0.0489485, 0.06139, 0.0484884, 0.0508108, 0.0471963,
                        0.0492213, 0.0518778, 0.0499597, 0.0516834, 0.0314348,
                        0.0532773, 0.0544634, 0.0533402, 0.056713, 0.0575,
                        0.0547333, 0.0570812, 0.0569512, 0.0581441, 0.0576147,
                        0.0419767, 0.0561336, 0.062364, 0.0626563, 0.0633636,
                        0.0698052, 0.0631735, 0.065, 0.0640638, 0.0657143,
                        0.066073, 0.0675191, 0.0680579, 0.0692152, 0.0665612,
                        0.0693548, 0.0717364, 0.0752008, 0.0563821, 0.0772868,
                        0.0756349, 0.0761504, 0.0765702, 0.0797748, 0.0772594,
                        0.0771491, 0.0581674, 0.0808, 0.0838934, 0.0827406,
                        0.084207, 0.0832857, 0.0637558, 0.0878169, 0.0906716,
                        0.0901429, 0.067487, 0.0973699, 0.118931, 0.0502353,
                        0.0939928, 0.1, 0.0983582, 0.0996667, 0.0995872,
                        0.101667, 0.102556, 0.103, -0.158684, 0.0973077 };
   const double fB[1100] = { 0.00535745, -0.00267873, 0.00535745, -0.0187511, 0.0696469,
                        -0.259836, 0.969699, -0.018959, -0.893863, -0.00558998,
                        0.916223, 0.0906993, -1.27902, 1.27538, -0.0724991,
                        -0.985383, 0.264033, -0.0707473, 0.0189567, -0.00507933,
                        0.00136064, -0.00036323, 9.22804e-05, -5.8917e-06, -6.87136e-05,
                        0.000280746, -0.00105427, 0.00393634, -0.0146911, 0.054828,
                        -0.204621, 0.763655, -2.96601e-07, -0.763654, 0.204617,
                        -0.0548125, 0.0146335, -0.0037216, 0.000252854, 0.00271018,
                        -0.0110936, 0.0416642, -0.155563, 0.580588, 0.683211,
                        -0.763432, -0.479482, 0.131361, -0.0459619, 0.0524865,
                        -0.163984, 0.60345, 0.000185394, -0.604191, 0.16658,
                        -0.062127, 0.0819284, -0.265586, 0.980417, -0.506083,
                        1.04392, 0.230419, -1.96559, 0.581946, -0.362194,
                        0.866828, 0.0448813, -1.04635, 0.990532, -0.0657738,
                        -0.727437, 0.12552, 0.225356, 1.82306, -0.767577,
                        -1.60275, 0.428559, -0.111491, 0.0174053, 0.04187,
                        -0.184885, 0.697672, 0.844199, -0.924468, -0.596328,
                        0.159781, -0.0427973, 0.0114079, -0.00283437, -7.04563e-05,
                        0.00311619, -0.0123943, 0.0464611, -0.17345, 0.647339,
                        -0.165905, 0.016282, 0.700777, -0.119391, -0.523214,
                        -0.487755, -0.0757672, 0.790824, 0.0624722, -1.04071,
                        0.950379, -0.0608019, -0.707171, 0.189486, -0.0507726,
                        0.0136045, -0.0036453, 0.000976724, -0.000261597, 6.96656e-05,
                        -1.7065e-05, -1.40555e-06, 2.26872e-05, -8.93434e-05, 0.000334686,
                        -0.0012494, 0.00466292, -0.0174023, 0.0649462, -0.242382,
                        0.904584, -0.225953, -0.000773059, 0.829045, -1.06541,
                        -0.317418, 0.0850804, -0.022903, 0.00653167, -0.00322367,
                        0.00636302, -0.0222284, 0.0825506, -0.307974, 1.14934,
                        0.060595, -1.39172, 1.1563, -0.0834917, -0.822337,
                        0.222841, -0.0690274, 0.0532685, -0.144046, 0.522917,
                        0.00237753, -0.532427, 0.177332, -0.1769, 0.530267,
                        0.00583066, -0.55359, 0.258529, -0.480526, 1.66358,
                        -2.42378, 8.03153, -33.4524, -0.0720905, 33.7407,
                        -9.0408, 2.42248, -0.649138, 0.174066, -0.0471271,
                        0.0144422, -0.0106415, 0.028124, -0.101855, 0.379294,
                        0.534678, 0.331996, -0.06266, -0.831356, -0.361917,
                        0.179026, -0.354185, 1.23771, 0.0533334, -1.45105,
                        1.10085, -0.102364, -0.691396, 0.0179483, 0.619603,
                        0.35364, -0.0841636, -0.316986, -0.597893, 0.158559,
                        -0.036341, -0.0131947, 0.0891199, -0.343285, 1.28402,
                        0.757208, -1.76285, 0.744203, 0.586042, -0.913371,
                        -0.232557, -0.331402, 0.508166, 0.548737, -0.153114,
                        -0.236282, 0.0482425, -0.256688, -0.521491, 0.692651,
                        0.450888, -0.246203, 0.0839232, 0.0105101, -0.0759635,
                        -0.0209417, 0.10973, -0.103694, 0.230047, -0.0164923,
                        -0.189077, -0.0896977, 0.407868, -0.019276, -0.450764,
                        0.112334, -0.0585698, 0.0219458, -0.0592132, 0.0149071,
                        -0.000415266, 0.136754, 0.0533995, -0.0503519, -0.0769919,
                        -0.121681, 0.138714, 0.00932311, -0.0510068, 0.00720412,
                        -0.0528097, 0.214749, -0.0561858, -0.22572, 0.609066,
                        -1.96054, 0.0456103, 1.8881, -0.493854, 0.102315,
                        -0.00707326, -0.0490222, -0.0718378, -0.00362655, -0.013656,
                        0.0732506, 0.0206537, 0.0858012, -0.0852869, 0.0136799,
                        -0.0298223, -0.0336765, 0.0386542, -0.0220391, 0.0238612,
                        -0.0246879, 0.0582238, -0.0188135, 0.0956014, -0.0940117,
                        -0.105269, 0.165636, -0.0858478, -0.118949, 0.0826503,
                        0.0621934, -0.0833846, 0.00134503, 0.0546712, -0.0771725,
                        -0.0533496, 0.0789637, 0.0587763, -0.102462, 0.0571582,
                        0.0309718, -0.0860454, 0.0105782, 0.092262, -0.0158834,
                        -0.0922578, 0.102375, -0.0772425, 0.311357, -1.36474,
                        0.0142581, 1.3864, -0.389855, 0.0765924, -0.0134378,
                        -0.0228414, -0.00160691, 0.0185548, -0.032136, -0.0302283,
                        0.0459062, -0.00067932, -0.013189, 0.0311526, -0.0114214,
                        -0.0506844, 0.0279089, 0.0390488, -0.0323997, -0.0418826,
                        0.0444757, -0.0119209, 0.0401312, 0.00972951, -0.0679723,
                        0.0215347, -0.0149901, -0.0171033, 0.153992, -0.569376,
                        0.0499821, 0.514685, -0.216959, 0.108669, -0.00604963,
                        -0.0341861, -0.0102362, -0.0410623, 0.0240844, 0.0352385,
                        0.0188192, -0.0713849, 0.120209, -0.530003, 0.147195,
                        -0.0674451, -0.0915641, 0.582954, -0.119076, 0.0408763,
                        -0.0948842, 0.0577585, 0.00998045, -0.0716979, 0.126717,
                        -0.353968, -0.0297585, 0.363894, -0.0903778, 0.00289723,
                        0.0116836, 0.00538756, -0.0332339, 0.0446908, -0.0285292,
                        -0.0405739, 0.0888249, -0.446433, 0.0426212, 0.415348,
                        -0.102226, 0.0388071, -0.0405018, -0.0179763, 0.0496412,
                        0.0276467, -0.0377059, 0.0281771, 0.00274158, -0.0641434,
                        0.00779538, 0.0433067, -0.00657652, 0.0537356, 0.0132249,
                        -0.108304, -0.0251993, 0.00529976, 0.00400027, -0.0066667,
                        0.00596858, 0.0392151, 0.0183179, -0.0591534, -0.0165859,
                        -0.0089856, 0.15768, -0.467688, -0.00697936, 0.47604,
                        -0.231658, 0.442695, -0.0585626, -0.421603, 0.099807,
                        0.0453142, -0.0189587, -0.0227176, 0.0398291, -0.0127475,
                        -0.0205464, 0.0110694, -0.00691765, -0.0236481, 0.0542415,
                        -0.0127578, -0.0410483, 0.0450626, 0.0074648, -0.0719806,
                        0.131088, -0.437666, -0.036258, 0.452203, -0.0832471,
                        0.0165752, -0.00947523, -0.000715135, -0.0304736, 0.0323426,
                        -0.031864, 0.000578908, 0.0430822, -0.0500656, 0.0227671,
                        -0.00679019, 0.0417013, 0.0172722, -0.0882901, 0.0283883,
                        0.0219428, -0.0681594, 0.035989, 0.06287, -0.110546,
                        0.129433, -0.420473, -0.439712, 0.504814, 0.463841,
                        -0.800374, -0.0253466, 0.883593, -0.712208, 0.0528914,
                        0.522158, -0.136259, -0.0204533, -0.0256115, 0.0616226,
                        0.026899, 0.0344109, -0.228906, 0.763145, -0.0513729,
                        -0.555272, -0.7493, -0.0466282, 1.14004, -0.886274,
                        0.0868754, 0.680309, -0.534112, 0.0435835, 0.292028,
                        -0.0982155, 0.05887, -0.114978, 0.505508, 0.00751159,
                        -0.504304, 0.116698, 0.000669182, -0.000506957, -0.0683566,
                        0.0114335, 0.0125135, -0.00634044, 0.0218226, -0.00300879,
                        -0.00685705, 0.00292568, -0.00385733, 0.030141, -0.0231372,
                        -0.0322047, 0.0160061, 0.0192659, -0.0269159, 0.0127485,
                        0.0306053, -0.0267084, -0.0373443, 0.0221383, 0.00691073,
                        -0.00473799, -0.0120676, -0.0209642, 0.0181938, -0.00955941,
                        0.0108717, 0.00285156, 0.00337387, 0.0291658, -0.046765,
                        -0.00774484, 0.0164349, -0.0275004, 0.0325435, -0.014933,
                        0.00904516, 0.0112343, -0.0138307, -0.00684903, 0.0422009,
                        -0.256992, 0.0102321, 0.243805, -0.0913454, 0.0938355,
                        -0.213273, -0.00835515, 0.228917, -0.0416226, -0.0106044,
                        -0.00180596, -0.0133038, -0.0243424, 0.00965288, 0.0141997,
                        0.00515678, -0.0288189, 0.0326, 0.00841383, -0.0295949,
                        -0.0114757, 0.0109054, 0.0274138, -0.00464547, -0.0247012,
                        -0.0180787, 0.0102486, -0.00900211, 0.274853, -0.0617197,
                        -0.281527, 0.0887522, -0.0351126, 0.0100084, -0.000198689,
                        -0.0219286, 0.0233832, -0.00704534, -0.0175299, -0.000126986,
                        0.00375472, 0.00778636, -0.00348126, 0.00430166, 0.0566317,
                        -0.0327909, -0.0412447, 0.0163085, -0.0246272, 0.0979579,
                        -0.0182627, -0.0464981, -0.0146383, 0.153161, -0.0193622,
                        -0.181798, 0.085105, -0.0369977, 0.00214277, -0.00052314,
                        0.0338864, -0.00691738, -0.0257478, 0.0178408, -0.0253386,
                        -0.00203866, -0.00646693, -0.00231664, -0.0127811, 0.054813,
                        -0.140931, -0.00321895, 0.139066, -0.0585614, 0.00523135,
                        0.00966269, -0.0182483, 0.0361387, -0.178492, 0.335393,
                        0.0809403, -0.349445, 0.0956881, -0.0528984, 0.0366235,
                        -0.0322112, 0.119568, 0.00973436, -0.136763, -0.00229814,
                        0.0994298, 0.103036, -0.131901, -0.0458217, -0.0869149,
                        -0.038712, 0.282155, -0.0315574, -0.154342, -0.00378433,
                        0.107893, 0.0499516, -0.264833, 0.16725, 0.000928957,
                        -0.124281, 0.121929, -0.0530503, 0.0124576, 0.00273111,
                        0.00858655, -0.0258551, 0.0871303, -0.00960145, -0.117914,
                        0.15673, -0.0820124, -0.124154, 0.0954895, -0.0207155,
                        0.0149366, -0.0252177, 0.0926917, 0.0283802, -0.234097,
                        0.0118091, 0.113718, 0.0141541, 0.00497914, -0.0508624,
                        0.0622009, -0.16487, 0.00106124, 0.166563, -0.135455,
                        0.0369236, 0.0631877, 0.0181297, -0.0126056, -0.0158445,
                        0.00435533, -0.0220995, -0.00570912, 0.0142849, -0.0162765,
                        -0.000277945, 0.104909, -0.0680232, 0.0309029, -0.0186646,
                        -0.230506, 0.408137, 0.0568946, -0.342822, 0.0975338,
                        -0.117352, -0.192707, 0.107175, 0.353139, 0.00524128,
                        -0.410047, 0.144772, 0.166565, -0.133341, 0.0248191,
                        0.00561608, -0.0305786, 0.10456, -0.0267012, 0.0212486,
                        -0.029697, -0.124214, 0.0624927, 0.0790862, -0.00136848,
                        -0.0779634, 0.0941059, -0.262783, 0.020957, 0.145842,
                        -0.0943268, -0.049014, 0.0420602, 0.12407, -0.0290451,
                        0.00209584, -0.0527598, -0.0505036, 0.0484886, 0.0553793,
                        -0.0253936, 0.0262673, -0.0493659, 0.00950093, 0.0774208,
                        -0.111257, 0.0170687, -0.0181287, 0.0133338, 0.0195453,
                        -0.00643331, 0.0536272, -0.0223283, -0.0498131, -0.0227219,
                        0.112153, 0.0462274, -0.241625, 0.116505, 0.0414595,
                        -0.0965951, 0.0524509, -0.0177013, 0.0164472, -0.026982,
                        0.0708751, -0.0255451, -0.0219574, 0.0906981, 0.0597147,
                        -0.125772, 0.0404653, 0.0165773, -0.0722327, 0.00776576,
                        -0.00637911, 0.0179201, -0.00301039, -0.00178472, -0.00295728,
                        -0.00597492, 0.0116031, -0.0199063, 0.144064, -0.0197773,
                        -0.152556, 0.0488961, -0.0499445, -0.0685753, 0.0641715,
                        0.130285, -0.040712, -0.0678775, 0.0202422, 0.0051743,
                        -0.00460183, -0.0133764, 0.000113507, 0.000891996, 0.0190305,
                        -0.0479826, 0.116682, -0.00405551, -0.00954199, -0.0618003,
                        0.000627951, 0.0209969, -0.11143, 0.0515733, 0.155914,
                        -0.0187334, -0.0891265, 0.119029, -0.196513, 0.0188166,
                        0.121483, -0.16721, 0.00741826, 0.0807021, -0.0911574,
                        0.020571, 0.0580093, -0.00592335, -0.0487529, 0.00279247,
                        0.0717539, -0.0906808, 0.00533888, 0.0430626, 0.0716251,
                        -0.0903711, -0.0626574, 0.0990375, 0.0122403, -0.090957,
                        0.0614898, -0.0842652, -0.0355282, 0.106749, -0.0413838,
                        0.0688613, -0.0223985, 0.0135826, 0.00124386, 0.00185049,
                        0.0674164, -0.0442376, -0.0168927, -0.0334117, -0.069618,
                        0.00339948, 0.0447822, 0.0640262, -0.0274552, 0.0256216,
                        -0.00214363, -0.00325366, 0.00504519, -0.00360762, 0.0150347,
                        -0.0708914, -0.0727774, 0.0986073, -0.0261091, -0.0190131,
                        0.0796206, -0.0185364, 0.00747071, -0.000999833, -0.00107748,
                        0.00738756, -0.0116179, -0.000759736, -0.0127102, 0.0240415,
                        -0.0445882, -0.0874208, 0.108685, -0.0731671, -0.0496417,
                        0.126233, 0.029928, -0.0660007, -0.103154, 0.103467,
                        0.0701697, -0.0271588, 0.00339243, 0.000440603, -0.0376073,
                        -0.0819721, 0.0987099, -0.015872, -0.00896725, 0.0355099,
                        -0.0320988, 0.0769252, -0.0668646, -0.15715, 0.104245,
                        0.103947, -0.0287629, 0.0369572, 0.0714479, 0.0762199,
                        -0.0886468, -0.061714, -0.000966971, 0.0102462, 0.00437422,
                        0.0181574, -0.095377, -0.0277365, 0.165187, -0.0205646,
                        -0.0577965, 0.000527727, 0.010712, 0.0107074, 0.00419811,
                        -0.00951532, 0.0254356, -0.0162872, 0.0606362, 0.00861258,
                        -0.0931205, 0.0144105, 0.00292903, 0.0366701, -0.0987478,
                        0.0197375, 0.057486, -0.00419833, -0.048641, -0.0882456,
                        0.134298, 0.0426553, -0.030143, 0.00767176, 0.00229987,
                        0.0182983, -0.0624996, -0.149133, 0.0745634, 0.175565,
                        -0.102703, 0.00510259, 0.0785633, -0.0397912, -0.00652194,
                        0.0893662, -0.199259, 0.00793215, 0.100051, -0.0334013,
                        0.0593425, -0.0723261, -0.0399902, 0.0799281, 0.0468936,
                        -0.223608, 0.150257, 0.0413399, 0.0641353, 0.0172194,
                        -0.0803381, 0.0507718, -0.165791, 0.166959, -0.0451498,
                        -0.0373951, 0.0518548, -0.0256745, 0.108583, -0.0181993,
                        0.000540739, 0.0120405, 0.00876703, 0.000574257, 0.0185601,
                        -0.0971042, 0.0315805, -0.0243393, -0.0179144, 0.125214,
                        0.00535377, -0.118156, 0.00162405, 0.103679, 0.0122134,
                        -0.000229811, -0.0183978, 0.0424047, -0.0173008, -0.00794106,
                        0.0145719, 0.0300233, 0.00192729, -0.0398763, 0.0277551,
                        -0.0768519, 0.0127915, 0.112299, -0.0345203, -0.00462084,
                        0.0221134, -0.00409297, 0.0162199, -0.10496, 0.0515285,
                        -0.0263514, 0.00942972, 0.0209005, -0.0465136, 0.146542,
                        -0.0101995, 0.0120636, -0.0162221, -0.012323, 0.0762708,
                        -0.00556268, -0.0298922, -0.0847123, -0.0034987, 0.10434,
                        -0.00924662, 0.0157815, -0.00779784, 0.00771867, 0.0170338,
                        -0.00942304, -0.000338898, 0.0546022, -0.0694639, 0.114933,
                        0.0940436, -0.317691, 0.0387473, 0.169442, -0.00129344,
                        -0.147214, -0.00511499, 0.166183, -0.0257928, 0.00333843,
                        0.012956, 0.00814131, 0.00456049, 0.0258489, -0.0807797,
                        -0.0235578, 0.208401, -0.153718, -0.056587, 0.156547,
                        0.077732, -0.00204121, -0.0833709, 0.0181479, -0.0279839,
                        0.0461028, -0.0159805, 0.0399701, -0.149732, 0.00321137,
                        0.184703, -0.0511661, 0.021849, 0.0312566, -0.0220829,
                        -0.00231374, 0.0187745, -0.0062475, 0.0381021, -0.126257,
                        -0.018094, 0.154201, 0.0129082, -0.0101543, 0.0576975,
                        -0.00616751, -0.0387311, 0.0169361, -0.00230378, 0.0137076,
                        0.00774727, 0.00944724, 0.0140104, -0.0146041, -0.000493971,
                        0.0207678, 0.0726794, -0.136107, 0.0111182, 0.154214,
                        -0.0503918, 0.0132615, 0.0254058, -0.00615479, 0.0198883,
                        -0.152168, 0.0160243, 0.197597, -0.0346325, -0.000849544,
                        0.0474389, -0.172552, 0.0292309, 0.191564, 0.0119889,
                        -0.169741, -0.0285617, 0.500801, -0.431333, -0.189507,
                        0.441228, -0.0824627, 0.019585, -0.00587735, 0.0407928,
                        -0.0972938, 0.437435, -1.61244, -1.82485, 8.74108 };
   const double fC[1100] = { -0.0803618, 0, 0.0803618, -0.321447, 1.20543,
                        -4.50026, 16.7956, -26.6822, 17.9332, -9.05043,
                        18.2686, -26.5238, 12.8266, 12.7174, -26.1962,
                        17.0673, -4.57318, 1.22538, -0.32834, 0.0879801,
                        -0.0235805, 0.00634179, -0.00178669, 0.00080497, -0.00143319,
                        0.00492779, -0.018278, 0.068184, -0.254458, 0.949649,
                        -3.54414, 13.2269, -20.8635, 13.2269, -3.54421,
                        0.949916, -0.255455, 0.0719034, -0.0321589, 0.0567322,
                        -0.19477, 0.722347, -2.69462, 10.0561, -9.0299,
                        -5.43653, 8.27603, -2.1676, 0.394373, 0.590111,
                        -2.75482, 10.4292, -16.4618, 10.418, -2.71032,
                        0.423256, 1.0173, -4.49245, 16.9525, -31.8175,
                        47.3175, -55.4525, 33.4924, -8.01699, -1.42441,
                        13.7146, -21.9341, 11.0217, 9.3471, -19.9102,
                        13.2935, -4.76396, 5.76232, 10.2147, -36.121,
                        27.7693, -7.45627, 2.05577, -0.766806, 1.01145,
                        -3.27901, 12.1046, -10.6393, -7.04736, 10.3288,
                        -2.76766, 0.741868, -0.199815, 0.0573919, -0.0297528,
                        0.0616193, -0.216724, 0.805278, -3.00439, 11.2123,
                        -19.3447, 21.1666, -14.3216, 6.11995, -10.1582,
                        10.5128, -6.39289, 15.0588, -22.3423, 11.3105,
                        8.60045, -18.7123, 12.2486, -3.28199, 0.879407,
                        -0.235636, 0.0631387, -0.0169185, 0.00453529, -0.00122266,
                        0.000355356, -0.000198761, 0.000439689, -0.00156, 0.00580029,
                        -0.0216412, 0.0807644, -0.301416, 1.1249, -4.19819,
                        15.6679, -26.9732, 29.225, -20.9268, 1.98232,
                        5.49757, -1.47258, 0.392743, -0.0983967, 0.00084327,
                        0.0950236, -0.380938, 1.42873, -5.33397, 19.9072,
                        -30.7947, 16.2715, 9.20883, -21.6068, 14.2183,
                        -3.76655, 0.847864, 0.375095, -2.34824, 9.01788,
                        -14.2233, 8.87523, -1.77764, -1.76468, 8.83635,
                        -14.0807, 8.48651, -0.365318, -7.02523, 28.4663,
                        -69.3398, 173.893, -588.732, 922.535, -584.406,
                        156.591, -41.9583, 11.2421, -3.01005, 0.79812,
                        -0.182428, -0.0684093, 0.456065, -1.75585, 6.56734,
                        -5.01351, 2.98669, -6.93324, -0.753713, 5.44809,
                        -0.0386645, -5.29344, 21.2124, -33.0562, 18.0124,
                        7.50659, -19.5388, 13.6484, -6.55499, 12.5715,
                        -15.2312, 10.8531, -13.1814, 10.3723, -2.80776,
                        0.858766, -0.627304, 1.65045, -5.9745, 22.2475,
                        -27.5156, 2.31503, 22.7555, -24.3371, 9.34299,
                        -2.53484, 1.54639, 6.8493, -6.4436, -0.574905,
                        -0.256781, 3.10203, -6.15133, 3.50331, 8.63811,
                        -11.0557, 4.08482, -0.783564, 0.0494335, -0.91417,
                        1.46439, -0.157666, -1.97658, 5.31399, -7.77938,
                        6.05353, -5.05973, 10.0354, -14.3068, 9.99195,
                        -4.36097, 2.65194, -1.84678, 1.03519, -0.29399,
                        0.140766, 1.23093, -2.06447, 1.02696, -1.29336,
                        0.846469, 1.75748, -3.05139, 2.44809, -1.86599,
                        1.26585, 1.40974, -4.11908, 2.42374, 5.92412,
                        -31.6202, 51.6818, -33.2568, 9.43727, -3.47557,
                        2.38169, -2.80118, 2.57302, -1.89091, 1.79061,
                        -0.921549, 0.39558, 0.255894, -1.96677, 2.95644,
                        -3.39146, 3.35292, -2.62962, 2.02268, -1.56368,
                        1.07819, -0.249069, -0.521303, 1.66545, -3.56158,
                        3.44901, -0.739962, -1.77488, 1.44387, 0.572118,
                        -0.776688, -0.679092, 1.52639, -0.993127, -0.32531,
                        0.563539, 0.759593, -0.961467, -0.650916, 2.24712,
                        -2.50898, 1.33881, -0.372574, 1.18941, -2.27086,
                        1.50712, 0.439209, -2.23539, 6.12138, -22.8823,
                        36.6723, -22.9509, 5.18832, -0.523845, -0.376457,
                        0.282421, -0.0700761, 0.271693, -0.7786, 0.797677,
                        -0.0363318, -0.429524, 0.304427, 0.138988, -0.564728,
                        0.172099, 0.613834, -0.502435, -0.21205, 0.11722,
                        0.746363, -1.31033, 1.83085, -2.13487, 1.35785,
                        -0.462779, 0.0975312, -0.118664, 1.82961, -9.06329,
                        15.2569, -10.6098, 3.29339, -0.0371208, -1.11006,
                        0.828698, -0.589199, 0.280937, 0.37053, -0.258989,
                        0.0947954, -0.996836, 2.91277, -9.41489, 16.1869,
                        -18.3333, 18.0921, -11.3469, 4.3266, -2.72708,
                        1.36947, 0.156955, -0.634735, -0.182048, 2.1662,
                        -6.97305, 10.2151, -6.27863, 1.73591, -0.803159,
                        0.891023, -0.953984, 0.56777, 0.211477, -0.943677,
                        0.823229, 0.470759, -5.82334, 10.7139, -6.98661,
                        1.81087, -0.400535, -0.392553, 0.617808, 0.0583679,
                        -0.278313, -0.375213, 1.03404, -1.2884, 0.619548,
                        0.0998395, 0.255274, -0.754106, 1.35723, -1.76234,
                        0.547042, 0.28401, 0.0209814, -0.0339763, -0.0726934,
                        0.199046, 0.133419, -0.342391, -0.432322, 0.857997,
                        -0.781994, 2.44865, -8.70233, 13.3094, -8.47923,
                        1.40225, 5.34128, -10.3539, 6.72346, -1.50936,
                        0.964434, -1.60716, 1.56957, -0.944107, 0.418341,
                        -0.49633, 0.812488, -0.992359, 0.825054, -0.0461578,
                        -0.623835, 0.340929, 0.520179, -0.896157, 0.101703,
                        1.92898, -7.61652, 11.6306, -6.746, 1.3915,
                        -0.393274, 0.13277, -0.0451686, -0.252416, 0.880578,
                        -1.52264, 1.84707, -1.42204, 0.490563, 0.237764,
                        -0.533337, 1.01825, -1.26254, 0.206919, 0.959865,
                        -1.02432, 0.123298, 0.918186, -0.649376, -1.08478,
                        3.48457, -8.98363, 8.79125, 0.654007, -1.06373,
                        -11.5784, 19.3287, -10.2393, -5.71872, 13.3697,
                        -8.67705, 2.09288, -0.934819, 0.883238, -0.0108976,
                        -0.336338, 0.411456, -3.04462, 12.9651, -21.1103,
                        16.0713, -18.0116, 25.0383, -13.1716, -7.09154,
                        16.823, -10.8887, -1.25551, 7.03246, -4.54802,
                        0.645585, 0.92527, -2.66375, 8.86861, -13.8486,
                        8.73042, -2.5204, 1.36011, -1.37187, 0.693372,
                        0.104529, -0.0937286, -0.0948109, 0.376441, -0.624755,
                        0.586273, -0.488445, 0.420615, -0.0806317, -0.452151,
                        0.361477, 0.120632, -0.0880342, -0.373783, 0.770427,
                        -0.591859, 0.0187217, -0.125081, 0.719908, -0.872184,
                        0.755696, -0.828992, 0.740026, -0.348446, 0.0709132,
                        0.133398, -0.213599, 0.218822, 0.0390971, -0.798405,
                        1.18861, -0.94681, 0.507457, 0.0929821, -0.567747,
                        0.807529, -0.785638, 0.534988, -0.465171, 0.95567,
                        -3.9476, 6.61984, -4.28411, 0.932609, 0.9192,
                        -3.99028, 6.03946, -3.66675, 0.961355, -0.651173,
                        0.739158, -0.854136, 0.743751, -0.403798, 0.449267,
                        -0.539697, 0.19994, 0.41425, -0.656111, 0.276024,
                        -0.0948315, 0.318642, -0.153559, -0.167034, -0.033523,
                        0.0997474, 0.183526, -0.376033, 3.21458, -6.58031,
                        4.38224, -0.679453, -0.559195, 1.01041, -1.11248,
                        0.895177, -0.442058, 0.137773, -0.242619, 0.416648,
                        -0.377831, 0.418148, -0.530824, 0.608653, -0.0853524,
                        -0.808873, 0.724335, -0.148802, -0.260555, 1.48641,
                        -2.64861, 2.36626, -2.04766, 3.72565, -5.45089,
                        3.82652, -1.15749, -0.0635375, 0.454942, -0.481601,
                        0.825697, -1.23374, 1.04543, -0.609545, 0.177751,
                        0.0552488, -0.0995315, 0.141034, -0.245679, 0.921621,
                        -2.87906, 4.25618, -2.83333, 0.857058, -0.219131,
                        0.263444, -0.542555, 1.08643, -3.23273, 8.37158,
                        -10.9161, 6.61226, -2.16092, 0.675058, 0.220161,
                        -0.908509, 2.4263, -3.52463, 2.05966, -0.715013,
                        1.73229, -1.69623, -0.653136, 1.51393, -1.92486,
                        2.40689, 0.80178, -3.9389, 2.71106, -1.20548,
                        2.32225, -2.90166, -0.246183, 4.56701, -6.23021,
                        4.97812, -2.51603, 0.766235, -0.111156, 0.0138909,
                        0.0446635, -0.38908, 1.51893, -2.48625, 1.40312,
                        1.34332, -3.73075, 3.30933, -1.1129, -0.0491492,
                        0.405671, -0.807214, 1.98631, -2.62942, 0.00465169,
                        2.45441, -1.43532, 0.439673, -0.531423, -0.0269928,
                        1.15763, -3.42834, 5.08765, -3.43264, 0.412464,
                        1.31132, -1.04868, 0.598096, -0.905449, 0.873059,
                        -0.67106, 0.406512, -0.242608, 0.442548, -0.748162,
                        0.908147, 0.143725, -1.87305, 2.86231, -3.35798,
                        1.23957, 5.14687, -8.6593, 4.66213, -0.258574,
                        -1.89029, 1.13674, 1.86208, 0.597555, -4.07653,
                        -0.0763539, 5.62455, -5.40662, 2.40756, -0.825959,
                        0.633928, -0.995875, 2.34726, -3.65987, 4.13937,
                        -4.64882, 3.70366, -1.83659, 2.00253, -2.80707,
                        2.04112, -0.320431, -3.24846, 6.08587, -4.83701,
                        2.43532, -1.98219, 2.89294, -2.07284, 0.541689,
                        -0.230279, -0.318278, 0.34084, 0.649081, -0.580173,
                        -0.227556, 0.744165, -1.5005, 2.08917, -1.40997,
                        -0.476814, 1.76007, -2.11205, 2.42667, -2.36456,
                        2.10477, -1.50417, 0.744612, -1.01946, 1.29037,
                        0.0583784, -0.717635, -2.16089, 5.74218, -6.49264,
                        5.11209, -3.62163, 2.92011, -2.57862, 2.14433,
                        -1.16576, 0.201559, -0.165682, 1.29224, -1.60207,
                        -0.252794, 1.91517, -2.15405, 1.26595, -0.46596,
                        0.324512, -0.0815197, -0.127785, 0.140042, -0.151767,
                        0.121591, 0.0541893, -0.369283, 2.00898, -3.64739,
                        2.31961, -0.305084, -0.683321, 0.497013, 0.830455,
                        -0.169315, -1.54066, 1.26901, -0.387809, 0.23713,
                        -0.334891, 0.247145, -0.112246, 0.120031, 0.0613547,
                        -0.731486, 2.37814, -3.58551, 3.53065, -4.05323,
                        4.67751, -4.47382, 3.14956, -1.51952, 2.56293,
                        -4.30941, 3.60547, -1.52392, -1.63151, 3.78481,
                        -2.75814, -0.128794, 1.87507, -1.14223, -0.57636,
                        1.69364, -1.31926, 0.679932, -1.10823, 1.62368,
                        -0.934067, -0.69028, 1.65048, -1.27324, 1.55886,
                        -3.17883, 3.45596, -1.83901, 0.971041, -2.00301,
                        3.52748, -4.98503, 5.4724, -4.04963, 2.56831,
                        -1.46586, 0.553258, -0.193446, 0.0700586, -0.0639923,
                        0.719651, -1.83619, 2.10964, -2.27483, 1.91277,
                        -1.18259, 1.59642, -1.40398, 0.489167, 0.0416013,
                        -0.319253, 0.308153, -0.225165, 0.138637, 0.0477863,
                        -0.907047, 0.888187, 0.825659, -2.07282, 2.14378,
                        -1.15744, 0.175874, 0.0841967, -0.168902, 0.168126,
                        -0.0834751, -0.106579, 0.215161, -0.334666, 0.702182,
                        -1.38848, 0.960153, 1.0009, -2.81942, 3.05467,
                        -1.29593, 0.332882, -1.29217, 0.920631, 1.14559,
                        -1.47856, 0.505278, -0.199765, 0.170247, -0.550726,
                        0.107078, 1.69974, -2.84556, 2.91461, -2.46984,
                        1.79375, -0.703508, -0.734389, -0.168461, 2.78241,
                        -2.78538, 1.45828, -0.801081, 1.14599, -1.09827,
                        -0.5504, 0.819727, -0.212257, 0.324388, -0.383108,
                        0.520939, -1.65628, 2.33269, -0.403452, -1.45406,
                        1.08174, -0.498502, 0.600345, -0.600391, 0.535299,
                        -0.672433, 1.02194, -1.43917, 2.2084, -2.72864,
                        1.71131, -0.635998, 0.521184, -0.183773, -1.17041,
                        2.35526, -1.97778, 1.36093, -1.80536, 1.40931,
                        0.816118, -1.73254, 1.00456, -0.626411, 0.572692,
                        -0.412708, -0.395271, -0.471063, 2.70803, -1.69801,
                        -1.08467, 2.16272, -1.42811, 0.244567, 0.0881252,
                        0.870756, -3.75701, 5.82892, -4.90773, 3.57321,
                        -2.64578, 1.32909, -1.00573, 2.20492, -2.53526,
                        -0.169757, 3.90841, -4.99759, 5.22554, -5.6947,
                        4.71912, -3.40802, 1.24239, 2.08511, -4.20619,
                        4.28374, -3.39124, 2.61595, -1.27338, 0.00555287,
                        0.181847, -0.0668496, 0.0341147, -0.116042, 0.295901,
                        -1.45254, 2.73939, -3.29859, 3.36284, -1.93156,
                        0.732956, -1.96806, 3.16586, -2.14532, 1.23066,
                        -1.35509, 1.17341, -0.565388, -0.031667, 0.125264,
                        0.0998647, 0.0546499, -0.33561, -0.0824254, 0.758739,
                        -1.80481, 2.70124, -1.70617, 0.237975, 0.0610197,
                        0.206322, -0.468386, 0.671515, -1.88331, 3.4482,
                        -4.227, 4.58481, -4.4701, 3.79596, -1.8654,
                        0.297988, -0.075358, -0.207498, 0.246489, 0.639449,
                        -1.45778, 1.21449, -1.76269, 2.57482, -1.49644,
                        0.360578, -0.110297, -0.125496, 0.280661, -0.18751,
                        -0.0770577, 0.167899, 0.381511, -1.62217, 3.46614,
                        -3.67504, -0.442309, 4.00669, -2.69974, 0.992384,
                        -2.45159, 3.87258, -2.1596, 0.239846, 0.051466,
                        0.0447093, -0.0928557, 0.0570475, 0.155836, -1.22212,
                        1.79434, 0.525243, -4.14643, 5.11773, -2.98639,
                        2.19824, -2.99597, 2.18267, -1.16748, 0.706165,
                        0.0347028, -0.655536, 1.21504, -3.11206, 4.6415,
                        -2.82658, 0.467882, 0.262269, -0.168192, -0.365204,
                        0.562896, -0.352014, 0.101794, 0.341702, -1.9853,
                        3.06693, -1.34398, -0.0689506, -0.161674, 0.840192,
                        -1.47884, 1.15321, -0.596535, 0.404136, -0.244022,
                        0.184419, -0.167419, 0.213051, -0.499197, 0.640299,
                        -0.427681, 0.946798, -3.03466, 4.5069, -3.07594,
                        1.02988, -0.393346, 0.514789, -0.830396, 1.09083,
                        -2.81139, 4.49332, -2.67759, 0.355289, -0.0174591,
                        0.500343, -2.70025, 4.71808, -3.09475, 1.299,
                        -3.1163, 4.5281, 0.765527, -10.0869, 12.5051,
                        -6.19777, 0.960866, 0.0596106, -0.314234, 0.780936,
                        -2.1618, 7.50909, -28.0079, 25.8838, 0.1 };
   const double fD[1100] = { 0.267873, 0.267873, -1.33936, 5.08958, -19.019,
                        70.9862, -144.926, 148.718, -89.9453, 91.0633,
                        -149.308, 131.168, -0.364004, -129.712, 144.212,
                        -72.1351, 19.3285, -5.17907, 1.38773, -0.371869,
                        0.0997409, -0.0270949, 0.00863887, -0.00746053, 0.0212032,
                        -0.0773525, 0.288207, -1.07547, 4.01369, -14.9793,
                        55.9034, -113.635, 113.635, -55.9037, 14.9804,
                        -4.0179, 1.09119, -0.346874, 0.296304, -0.83834,
                        3.05706, -11.3899, 42.5025, -63.6201, 11.9779,
                        45.7086, -34.8121, 8.53991, 0.65246, -11.1498,
                        43.9466, -89.6365, 89.5994, -43.7612, 10.4453,
                        1.98014, -18.3658, 71.4831, -162.567, 263.783,
                        -342.567, 296.483, -138.365, 21.9753, 50.4634,
                        -118.829, 109.853, -5.58215, -97.5242, 110.679,
                        -60.1916, 35.0876, 14.8411, -154.452, 212.968,
                        -117.419, 31.7068, -9.40858, 5.92753, -14.3015,
                        51.2786, -75.8129, 11.9731, 57.9204, -43.6547,
                        11.6984, -3.13894, 0.857356, -0.290482, 0.304574,
                        -0.927812, 3.40668, -12.6989, 47.3889, -101.857,
                        135.038, -118.294, 68.1386, -54.2604, 68.9032,
                        -56.3522, 71.5057, -124.67, 112.176, -9.03341,
                        -91.0423, 103.203, -51.7685, 13.8713, -3.71681,
                        0.995917, -0.266858, 0.0715127, -0.0191932, 0.00526006,
                        -0.00184706, 0.00212817, -0.00666561, 0.0245343, -0.0914715,
                        0.341352, -1.27394, 4.75439, -17.7436, 66.2201,
                        -142.137, 187.327, -167.173, 76.3638, 11.7175,
                        -23.2338, 6.21774, -1.63713, 0.3308, 0.313934,
                        -1.58654, 6.03222, -22.5423, 84.1371, -169.006,
                        156.887, -23.5421, -102.719, 119.417, -59.9496,
                        15.3814, -1.5759, -9.0778, 37.8871, -77.4705,
                        76.995, -35.5096, 0.043201, 35.3368, -76.3902,
                        75.2241, -29.5061, -22.1997, 118.305, -326.02,
                        810.776, -2542.08, 5037.55, -5023.14, 2469.99,
                        -661.832, 177.335, -47.5072, 12.6939, -3.26849,
                        0.380061, 1.74825, -7.37305, 27.744, -38.6028,
                        26.6673, -33.0664, 20.5984, 20.6727, -18.2892,
                        -17.5159, 88.3528, -180.895, 170.229, -35.0194,
                        -90.1511, 110.624, -67.3448, 63.7551, -92.6757,
                        86.9477, -80.1149, 78.5121, -43.9335, 12.2218,
                        -4.95357, 7.59251, -25.4165, 94.0734, -165.877,
                        99.4356, 68.135, -156.976, 112.267, -39.5928,
                        13.6041, 17.6764, -44.3097, 19.5623, 1.06041,
                        11.196, -30.8445, 32.1821, 17.116, -65.6461,
                        50.4685, -16.228, 2.77666, -3.21201, 7.92852,
                        -5.40684, -6.06305, 24.3019, -43.6446, 46.1097,
                        -37.0442, 50.3171, -81.1408, 80.996, -47.8431,
                        23.3764, -14.9957, 9.60659, -4.43061, 1.44919,
                        3.63387, -10.9847, 10.3048, -7.73438, 7.13275,
                        3.03671, -16.0296, 18.3316, -14.3803, 10.4394,
                        0.479633, -18.4294, 21.8094, 11.6679, -125.148,
                        277.673, -283.129, 142.314, -43.0428, 19.5242,
                        -17.2762, 17.914, -14.8798, 12.2717, -9.04054,
                        4.39043, -0.465622, -7.40889, 16.4107, -21.1597,
                        22.4813, -19.9418, 15.5077, -11.9545, 8.80622,
                        -4.42419, -0.907447, 7.28918, -17.4235, 23.3687,
                        -13.9632, -3.44972, 10.7292, -2.90584, -4.49602,
                        0.325322, 7.3516, -8.39838, 2.22606, 2.96283,
                        0.653515, -5.73687, 1.03517, 9.66011, -15.8537,
                        12.826, -5.70461, 5.20662, -11.5343, 12.5933,
                        -3.5597, -8.91532, 27.8559, -96.679, 198.515,
                        -198.744, 93.7973, -19.0405, 0.491292, 2.19626,
                        -1.17499, 1.13923, -3.50098, 5.25426, -2.78003,
                        -1.31064, 2.4465, -0.551464, -2.34572, 2.45609,
                        1.47245, -3.7209, 0.967948, 1.09757, 2.09714,
                        -6.85564, 10.4706, -13.2191, 11.6424, -6.06876,
                        1.8677, -0.72065, 6.49425, -36.3097, 81.0672,
                        -86.2223, 46.3441, -11.1017, -3.57647, 6.46254,
                        -4.72632, 2.90045, 0.298643, -2.0984, 1.17928,
                        -3.63877, 13.032, -41.0922, 85.3392, -115.067,
                        121.418, -98.1299, 52.245, -23.5122, 13.6552,
                        -4.04172, -2.63897, 1.50896, 7.82748, -30.4642,
                        57.294, -54.9792, 26.7151, -8.46356, 5.64728,
                        -6.15002, 5.07251, -1.18764, -3.85051, 5.88969,
                        -1.1749, -20.9803, 55.1241, -59.0016, 29.3249,
                        -7.37135, 0.0266058, 3.36787, -1.8648, -1.12227,
                        -0.322998, 4.69752, -7.74147, 6.35982, -1.73236,
                        0.518114, -3.3646, 7.03778, -10.3985, 7.69792,
                        -0.876774, -0.876761, -0.183192, -0.129057, 0.905798,
                        -0.218756, -1.58604, -0.299769, 4.30106, -5.46664,
                        10.7688, -37.17, 73.3725, -72.6288, 32.9383,
                        13.1301, -52.3171, 56.9244, -27.4427, 8.24598,
                        -8.57199, 10.5891, -8.37894, 4.54149, -3.0489,
                        4.36273, -6.01616, 6.05804, -2.90404, -1.92559,
                        3.21588, 0.5975, -4.72112, 3.3262, 6.09093,
                        -31.8184, 64.1571, -61.2553, 27.125, -5.94924,
                        1.75348, -0.593127, -0.690825, 3.77665, -8.01074,
                        11.2324, -10.897, 6.37535, -0.842664, -2.57034,
                        5.17196, -7.60265, 4.89821, 2.50982, -6.61395,
                        3.82539, 2.64963, -5.22521, -1.45136, 15.2312,
                        -41.5607, 59.2496, -27.1241, -5.72579, -35.049,
                        103.024, -98.56, 15.0686, 63.6281, -73.4892,
                        35.8998, -10.0923, 6.06019, -2.98045, -1.0848,
                        2.49265, -11.5203, 53.3658, -113.585, 123.939,
                        -113.61, 143.5, -127.366, 20.2669, 79.7153,
                        -92.3725, 32.1106, 27.6265, -38.6016, 17.312,
                        0.932283, -11.9634, 38.4412, -75.7239, 75.2633,
                        -37.5027, 12.935, -9.10658, 6.88413, -1.96281,
                        -0.660859, -0.00360781, 1.57084, -3.33732, 4.03676,
                        -3.58239, 3.0302, -1.67082, -1.2384, 2.71209,
                        -0.802816, -0.695553, -0.952497, 3.81403, -4.54095,
                        2.03527, -0.479343, 2.81663, -5.30697, 5.42627,
                        -5.2823, 5.23006, -3.62824, 1.39786, 0.208281,
                        -1.15665, 1.4414, -0.599083, -2.79167, 6.62337,
                        -7.11806, 4.84756, -1.38158, -2.20243, 4.58426,
                        -5.31056, 4.40209, -3.33386, 4.73614, -16.3442,
                        35.2248, -36.3465, 17.3891, -0.0446954, -16.365,
                        33.4325, -32.354, 15.427, -5.37509, 4.63444,
                        -5.31098, 5.32629, -3.82516, 2.84355, -3.29655,
                        2.46545, 0.714367, -3.56787, 3.10712, -1.23619,
                        1.37825, -1.574, -0.0449179, 0.445036, 0.444235,
                        0.279262, -1.8652, 11.9687, -32.6497, 36.5418,
                        -16.8723, 0.400857, 5.232, -7.07627, 6.69218,
                        -4.45745, 1.93277, -1.26797, 2.19756, -2.64827,
                        2.65326, -3.16324, 3.79826, -2.31335, -2.41174,
                        5.11069, -2.91046, -0.372509, 5.8232, -13.7834,
                        16.7162, -14.7131, 19.2444, -30.5885, 30.9247,
                        -16.6134, 3.64651, 1.72827, -3.12181, 4.35766,
                        -6.86477, 7.59722, -5.51659, 2.62432, -0.40834,
                        -0.515935, 0.801887, -1.28905, 3.891, -12.6689,
                        23.7841, -23.6317, 12.3013, -3.5873, 1.60859,
                        -2.68666, 5.42993, -14.3972, 38.6811, -64.2923,
                        58.4279, -29.2439, 9.45327, -1.51632, -3.76223,
                        11.116, -19.8364, 18.6143, -9.24891, 8.15768,
                        -11.4284, 3.47699, 7.22355, -11.4626, 14.4392,
                        -5.35037, -15.8023, 22.1665, -13.0551, 11.7591,
                        -17.413, 8.8516, 16.044, -35.9907, 37.3611,
                        -24.9805, 10.9409, -2.92464, 0.416823, 0.102575,
                        -1.44581, 6.36004, -13.3506, 12.9646, -0.199342,
                        -16.9136, 23.4669, -14.7408, 3.54584, 1.51607,
                        -4.04295, 9.31174, -15.3858, 8.78024, 8.16585,
                        -12.9657, 6.24996, -3.23699, 1.68143, 3.94873,
                        -15.2866, 28.3866, -28.401, 12.817, 2.99618,
                        -7.86665, 5.48924, -5.01182, 5.92836, -5.14706,
                        3.59191, -2.16373, 2.28385, -3.96903, 5.52103,
                        -2.54807, -6.72258, 15.7845, -20.7343, 15.3252,
                        13.0244, -46.0206, 44.4048, -16.4024, -5.43904,
                        10.0901, 2.41781, -4.21509, -15.5803, 13.3339,
                        19.003, -36.7706, 26.0473, -10.7784, 4.86629,
                        -5.43268, 11.1438, -20.0238, 25.9975, -29.294,
                        27.8416, -18.4675, 12.7971, -16.032, 16.1607,
                        -7.87185, -9.76011, 31.1144, -36.4096, 24.2411,
                        -14.7251, 16.2504, -16.5526, 8.71509, -2.57323,
                        -0.293329, 2.19706, 1.02747, -4.09751, 1.17539,
                        3.23907, -7.48221, 11.9655, -11.6638, 3.11051,
                        7.45629, -12.9071, 15.1291, -15.9708, 14.8978,
                        -12.0298, 7.49593, -5.88024, 7.69944, -4.10664,
                        -2.58671, -4.81084, 26.3436, -40.7827, 38.6824,
                        -29.1124, 21.8058, -18.3291, 15.7432, -11.0336,
                        4.55773, -1.22413, 4.85973, -9.64769, 4.49759,
                        7.22653, -13.564, 11.4, -5.77302, 2.63491,
                        -1.35344, -0.154218, 0.892756, -0.972697, 0.911194,
                        -0.224672, -1.41157, 7.92755, -18.8546, 19.89,
                        -8.74897, -1.26079, 3.93445, 1.11147, -3.33257,
                        -4.57115, 9.36555, -5.52271, 2.08313, -1.90674,
                        1.94012, -1.19797, 0.774256, -0.195587, -2.6428,
                        10.3654, -19.8788, 23.7205, -25.2796, 29.1025,
                        -30.5045, 25.4113, -15.5636, 13.6082, -22.9078,
                        26.3829, -17.098, -0.358639, 18.0544, -21.8098,
                        8.76448, 6.67955, -10.0577, 1.88625, 7.56668,
                        -10.043, 6.66397, -5.96053, 9.10636, -8.52583,
                        0.812625, 7.80252, -9.74572, 9.44035, -15.7923,
                        22.116, -17.6499, 9.36685, -9.91352, 18.435,
                        -28.375, 34.8581, -31.7401, 22.0598, -13.4472,
                        6.73038, -2.48901, 0.878349, -0.446837, 2.61215,
                        -8.51948, 13.1528, -14.6149, 13.9587, -10.3179,
                        9.26339, -10.0013, 6.3105, -1.49189, -1.20285,
                        2.09136, -1.77773, 1.21267, -0.302834, -3.18278,
                        5.98411, -0.208429, -9.6616, 14.0553, -11.0041,
                        4.4444, -0.305593, -0.843663, 1.12343, -0.838669,
                        -0.0770142, 1.07247, -1.83276, 3.45616, -6.96887,
                        7.82877, 0.135826, -12.7344, 19.5803, -14.502,
                        5.42937, -5.41684, 7.376, 0.749855, -8.74717,
                        6.6128, -2.35014, 1.23337, -2.40324, 2.19268,
                        5.30888, -15.151, 19.2006, -17.9481, 14.2119,
                        -8.32419, -0.102938, 1.88643, 9.83622, -18.5593,
                        14.1456, -7.53121, 6.49023, -7.48085, 1.82623,
                        4.56709, -3.43995, 1.78882, -2.35832, 3.01349,
                        -7.25741, 13.2966, -9.12046, -3.50204, 8.45269,
                        -5.26749, 3.66282, -4.00245, 3.78563, -4.02577,
                        5.64792, -8.20371, 12.1586, -16.4568, 14.7998,
                        -7.82436, 3.85727, -2.34985, -3.28878, 11.7522,
                        -14.4435, 11.129, -10.5543, 10.7156, -1.97732,
                        -8.49553, 9.12367, -5.43656, 3.99701, -3.28467,
                        0.0581231, -0.252641, 10.597, -14.6868, 2.04448,
                        10.8246, -11.9694, 5.5756, -0.521474, 2.60877,
                        -15.4259, 31.9531, -35.7888, 28.2698, -20.73,
                        13.2496, -7.78275, 10.7022, -15.8006, 7.88502,
                        13.5939, -29.6867, 34.0771, -36.4008, 34.7127,
                        -27.0905, 15.5014, 2.80905, -20.971, 28.2998,
                        -25.5833, 20.024, -12.9644, 4.26309, 0.587648,
                        -0.82899, 0.336548, -0.500524, 1.37314, -5.82815,
                        13.9731, -20.1266, 22.2048, -17.648, 8.88171,
                        -9.00338, 17.1131, -17.7039, 11.2532, -8.61917,
                        8.42834, -5.796, 1.77907, 0.523105, -0.0846658,
                        -0.150716, -1.30087, 0.84395, 2.80388, -8.54516,
                        15.0202, -14.6914, 6.48048, -0.589851, 0.484342,
                        -2.24903, 3.79967, -8.51609, 17.7717, -25.584,
                        29.3727, -30.183, 27.5535, -18.8712, 7.2113,
                        -1.24449, -0.440467, 1.51329, 1.30987, -6.99078,
                        8.90757, -9.92392, 14.4584, -13.5709, 6.19006,
                        -1.56958, -0.0506643, 1.35386, -1.56057, 0.368176,
                        0.816523, 0.712041, -6.67895, 16.961, -23.8039,
                        10.7758, 14.83, -22.3548, 12.3071, -11.4799,
                        21.0806, -20.1073, 7.99816, -0.627934, -0.0225224,
                        -0.45855, 0.499677, 0.329296, -4.5932, 10.0549,
                        -4.23033, -15.5722, 30.8805, -27.0137, 17.2821,
                        -17.314, 17.2621, -11.1672, 6.24549, -2.23821,
                        -2.3008, 6.23526, -14.4237, 25.8452, -24.8936,
                        10.9815, -0.685378, -1.43487, -0.656706, 3.09366,
                        -3.0497, 1.51269, 0.799693, -7.75666, 16.8407,
                        -14.703, 4.25009, -0.309077, 3.33955, -7.73011,
                        8.7735, -5.83247, 3.33557, -2.16053, 1.42814,
                        -1.17279, 1.26823, -2.37416, 3.79832, -3.55993,
                        4.5816, -13.2715, 25.1385, -25.2762, 13.6861,
                        -4.74408, 3.02712, -4.48395, 6.40408, -13.0074,
                        24.349, -23.903, 10.1096, -1.24249, 1.72601,
                        -10.6687, 24.7278, -26.0428, 14.6458, -14.7177,
                        25.4813, -12.5419, -36.1746, 75.3066, -62.343,
                        23.8621, -3.00419, -1.24615, 3.65057, -9.80912,
                        32.2363, -118.39, 179.639, 179.639, 0.0464102 };
   int klow=0;
   if(x<=fXmin) klow=0;
   else if(x>=fXmax) klow=fNp-1;
   else {
     if(fKstep) {
       // Equidistant knots, use histogramming
       klow = int((x-fXmin)/fDelta);
       if (klow < fNp-1) klow = fNp-1;
     } else {
       int khig=fNp-1, khalf;
       // Non equidistant knots, binary search
       while(khig-klow>1)
         if(x>fX[khalf=(klow+khig)/2]) klow=khalf;
         else khig=khalf;
     }
   }
   // Evaluate now
   double dx=x-fX[klow];
   return (fY[klow]+dx*(fB[klow]+dx*(fC[klow]+dx*fD[klow])));
}
